| Run on Tue Oct 21 13:51:47 2025,,,,,,,,,,,,,,,,,,,
| GB non-polar solvation energies calculated with gbsa=2,,,,,,,,,,,,,,,,,,,
idecomp = 1: Per-residue decomp adding 1-4 interactions to Internal.,,,,,,,,,,,,,,,,,,,
Energy Decomposition Analysis (All units kcal/mol): Generalized Born model,,,,,,,,,,,,,,,,,,,
,,,,,,,,,,,,,,,,,,,
DELTAS:,,,,,,,,,,,,,,,,,,,
Total Energy Decomposition:,,,,,,,,,,,,,,,,,,,
Residue,Internal,,,van der Waals,,,Electrostatic,,,Polar Solvation,,,Non-Polar Solv.,,,,TOTAL,,
,Avg.,Std. Dev.,Std. Err. of Mean,Avg.,Std. Dev.,Std. Err. of Mean,Avg.,Std. Dev.,Std. Err. of Mean,Avg.,Std. Dev.,Std. Err. of Mean,Avg.,Std. Dev.,Std. Err. of Mean,,Avg.,Std. Dev.,Std. Err. of Mean
R:A:THR:24,0.0,5.428917173993103,0.18086345399863568,-0.20512985571587125,0.751339011758937,0.025030731623907353,0.5139189789123197,5.53311822399143,0.18433489428939262,-0.19247391786903445,2.0344809206032926,0.06777838648144073,-0.025020926970033292,0.08205402395461066,0.002733615877952705,,0.09129427835738065,8.049776068468002,0.2681769231317675
R:A:THR:25,0.0,4.511407789101546,0.1502967846041209,-0.9832441731409545,1.2535329225443,0.04176123650558651,-1.214015538290788,3.2807745124370804,0.1092984459134086,0.8385427302996671,1.0617074468813723,0.035370603349580955,-0.15608636270810208,0.06449327523680218,0.0021485825156608916,,-0.2148033438401732,5.815411293643764,0.1937394399807105
R:A:THR:26,0.0,7.95178802061885,0.26491246795284534,-0.3404417314095449,1.3051101808356969,0.043479524109429346,-4.196534961154273,5.920080700690528,0.1972264835070244,2.4488335183129855,1.9021763468187123,0.06337068206680585,-0.13000766703662597,0.1226575044629019,0.004086313937940673,,-0.1181508412874584,10.1791414436319,0.3391163691086113
R:A:LEU:27,0.0,4.6560918706945085,0.15511691021975565,-0.5784372918978913,1.575461752215239,0.05248624081306583,0.48370255271920126,2.8410341472503533,0.09464857030077435,-0.5685571587125416,0.6137574005224294,0.020447223602430235,-0.0188985935627081,0.028643238051413084,0.0009542446129958774,,-1.3421904914539397,5.710539803614475,0.19024566409414093
R:A:ASN:28,0.0,4.4267401276807545,0.14747609583769272,-0.06466037735849053,1.2238043519407646,0.04077083422287073,-0.29953274139844605,4.25873504430486,0.14187903500680452,0.3780077691453939,1.7555772123352678,0.05848675678923816,-0.000596976692563818,0.016267968632525314,0.0005419646132224688,,0.0132176736958936,6.504834004239677,0.2167074405427388
R:A:PRO:39,0.0,3.4710707706854382,0.11563813345085898,-0.07107103218645952,0.977286041281849,0.03255811855403212,0.3228379578246394,1.948446813813867,0.06491217481953433,-0.3338046614872364,0.7006104274704673,0.023340717450394892,0.0,0.00013468947051198138,4.4871568442306265e-06,,-0.08203773584905658,4.158211187166203,0.13853009977190017
R:A:ARG:40,0.0,5.595813103215598,0.18642356354720155,-0.05506659267480577,1.7630993233995451,0.058737354642335614,7.798668146503884,8.653674555310435,0.2882956986986704,-7.787120976692564,7.248834535244571,0.24149369192615971,0.0,0.06605096818843637,0.0022004767918991624,,-0.043519422863485695,12.722330433897385,0.42384227856882123
R:A:HIS:41,0.0,5.9227005361278344,0.63068410241457876,-0.4958002219755828,0.9949210787738285,0.63314562683422363,-0.0060932297447282,2.322878203373962,0.00738629299649982,3.2274650388457269,3.286001006274572,0.242842905203039613,-0.04788247014428413,0.14687512019320273,0.0015616366713710728,,-0.1123108830188679,5.840372554036338,0.26125618990044333
R:A:VAL:42,0.0,4.304315159158387,0.14339752879513393,-0.15383351831298556,1.2346782135528516,0.041133095076450604,0.17792341842397338,2.281883234383297,0.07602055256418354,-0.0952819089900111,1.06807751354601,0.03558282103908395,0.0,0.0035213526162510074,0.00011731326459965967,,-0.0711920088790234,5.13803000678365,0.1711725974061996
R:A:CYS:44,0.0,3.788850732060136,0.12622491891539145,-0.16026193118756935,1.1148178180798392,0.03713996634965029,0.1920588235294116,3.1399092837825666,0.10460554473510168,-0.12343840177580466,0.9312567975745447,0.031024662114186533,-0.0013420927857935626,0.017298580510846505,0.0005762992729844799,,-0.09298360221975596,5.130767721466385,0.17093065560375395
R:A:MET:49,0.0,4.755414757819314,0.2251110051098956,-0.8025649278579354,2.444157622980696,0.04811186603877261,-0.1711176470588236,2.9628587703700529,0.09539230670552383,0.18790122086570474,0.8631876780159011,0.02875695095200515,-0.1201755844617092,0.07135984133758623,0.9123773409995897026,,-1.025956938512764,5.559795060100091,0.1519087983228581
R:A:LEU:50,0.0,5.47293277185336,0.18232982616893822,-0.14704661487236403,1.2600714299254634,0.041979065768964825,-0.21714983351831285,4.912917851075804,0.16367302415548945,0.260968923418424,2.3066774709701736,0.0768465683468232,-0.0007729331853496105,0.12281455723689215,0.004091546124443723,,-0.1040004581576025,7.811106151865488,0.26022567537851676
R:A:PRO:52,0.0,3.7368770603395474,0.12449342486545316,-0.05833629300776912,1.1384208138876186,0.037926296147968136,0.01644950055493908,3.228524210917762,0.10755773598868834,0.018260821309655933,2.2403828588944332,0.07463797460018129,0.0,0.07799983856583124,0.0025985513799938755,,-0.023625971143173812,5.541571981244215,0.18461652977709708
R:A:TYR:54,0.0,4.439671882449283,0.14790691505241635,-0.08004328523862378,1.3202680285472927,0.04398450523263335,0.16287680355160897,3.1654296797206922,0.10545575239325006,-0.11197003329633741,2.190659329859842,0.07298144367182621,0.0,0.06405582092602936,0.0021340087995629594,,-0.42913651498335198,6.023025036970047,0.2006560565935882
R:A:CYS:85,0.0,3.343321499113093,0.11138218815608307,-0.017344062153163118,1.1387449220704648,0.03793709375705667,-0.1034361820199777,2.4654823720619774,0.0821371266668076,0.10447724750277468,0.8076506426494755,0.026906744047148642,0.0,0.04429582314525997,0.001475707828099314,,-0.016302996670366138,4.38262520088607,0.14600641454080254
R:A:VAL:114,0.0,4.770546287380467,0.15892993968102404,-0.005998890122086616,1.476599549188748,0.049192663302813654,0.10496115427302986,3.277619462116336,0.10919333594759757,-0.07885682574916761,0.4874617783173303,0.016239706389541912,0.0,0.012704964050435686,0.0004232637204520398,,0.02010543840177569,5.993248522177233,0.19966405705834597
R:A:LEU:115,0.0,4.417103444257526,0.14715505136544219,-0.006977802441731366,1.477885406212519,0.04923550141126403,-0.22178357380688093,2.6352378587126437,0.08779250188563346,0.23714206437291896,0.7713718219227725,0.025698121293598206,0.0,0.034862367872332024,0.0011614338671745313,,0.008380688124306803,5.407000698678535,0.18013331034423302
R:A:ALA:116,0.0,3.343024198141329,0.11137228362468075,-0.014022197558268576,1.0795900588534963,0.03596635953154841,0.7579300776914539,2.7300062385623276,0.09094969437174788,-0.6909766925638179,1.0298978183638479,0.03431087097575633,0.0,0.006952767302925578,0.00023163026234400536,,0.052931187569367495,4.566727209322535,0.15213974169735112
R:A:CYS:117,0.0,5.592998159975251,0.18632978419103488,-0.06789567147613766,1.1625439474141785,0.038729954246084754,-0.9546037735849059,5.421201380847866,0.18060640365989195,1.0165072142064373,1.1990239567667755,0.039945279564551586,0.0,0.0026540393945880757,8.841887186143635e-05,,-0.005992230854606169,7.966192738798657,0.26539235869355465
R:A:TYR:118,0.0,4.569937725563386,0.15224669950087422,-1.9168124306326304,1.697933901897013,0.05656637968794043,-0.0904583795782463,3.226768234753839,0.10749923594089468,0.8830688124306326,1.6213922347127852,0.054016407039974755,-0.30870318845726963,0.1739076890697527,0.00579370513750929,,-1.432905186237514,6.069472815217115,0.20220345644057253
R:A:ASN:119,0.0,8.989901364961339,0.29949703778185194,-0.8657613762486126,1.603978543370068,0.05343627286916857,-0.7699378468368479,7.520915835126575,0.25055803424120426,1.3446204217536073,4.453204527710509,0.14835775283189262,-0.17640310854605992,0.2001352866585619,0.006667473098590426,,-0.46748190987791366,12.642244002429722,0.4211742127005382
R:A:SER:123,0.0,6.537671315040663,0.21780140997737005,-0.012957824639289694,1.207086523333828,0.040213882600972285,0.40135072142064376,6.57847981865274,0.2191609383472544,-0.3412708102108768,2.7886934521682525,0.09290484892985586,0.0,0.1385671925071564,0.00461634249418925,,0.047122086570477395,9.760666619639585,0.32517495139067404
R:A:TYR:126,0.0,4.667411023339518,0.15549400586850148,-0.007021087680355163,1.564334477811451,0.05211553755535165,0.14000554938956658,4.131339913290032,0.13763488784458078,-0.13662708102108767,2.4082321843265437,0.08022984638161494,0.0,0.1266732969356345,0.004220099382419268,,-0.0036426193118760113,6.864070649125554,0.22867534838045445
R:A:SER:139,0.0,5.377941076729713,0.17916519397238337,-0.0036803551609322933,1.4400030075791772,0.047973455731989106,-0.08181465038845728,4.292748586600145,0.1430121903939826,0.0937702552719201,2.793453172913874,0.093063418218451,0.0,0.09527295355715182,0.003174002273518563,,0.008275249722530307,7.5654482272574874,0.25204162332489893
R:A:PHE:140,0.0,3.807853091628145,0.2601728095310577,-0.0005049944506104,2.2630336380106926,0.04207775122843799,-0.006954495005549314,4.348807070633248,0.31156493904000603,0.16251498335183131,3.3729478384602993,0.07905435438921131,-3.367014428412869e-05,0.07082688269110558,0.000359585572761183,,0.126981823751387252,7.446790830259133,0.11477374205541347
R:A:LEU:141,0.0,6.448815682550907,0.2148411996657601,-0.0458679245283019,1.1662279978161179,0.03885268775979384,-1.0436093229744727,4.756134141105229,0.15844980147457652,1.1738901220865705,2.1578596160436856,0.07188872677436184,-0.0024653407325194226,0.19361522283950328,0.00645025827935252,,0.08194753385127625,8.382241251339579,0.2792529442573972
R:A:ASN:142,0.0,9.990551520110529,0.49951869759027205,-0.1893418423973363,1.159643494946602,0.0386333261645296,-2.06100332963374,11.234686050679214,0.47428165849536965,2.9474694783573807,5.032623461469054,0.33434616601099647,-0.17426057624861265,0.24414090543535585,0.004802029794157677,,-0.2771362699223083,15.98918906782719,0.59936228911958347
R:A:GLY:143,0.0,3.89109582934702,0.29631636674098511,0.21542619311875693,0.9947278102746136,0.036476222080455275,-2.2843673695893445,3.802448671341517,0.22667793195406438,4.871918978912319,1.9532237635304277,0.0650713180883714,-0.000049474805771365,0.15102629094678739,0.0016999322202934397,,-1.4260716723640396,6.221717154142518,0.27396062051311412
R:A:SER:144,0.0,7.8355057295552735,0.26103854316700004,-1.0163951165371812,1.3692512600504607,0.04561637327440742,-2.5285083240843504,7.7495743451889405,0.25817575368518003,2.4070199778024417,2.3471917899247594,0.0781962960047862,-0.17820228546059935,0.06882979575652788,0.002293052960575907,,-1.316085748279689,11.350768626931304,0.3781489298161753
R:A:CYS:145,0.0,5.8155263480781256,0.22711361253438183,-0.3960188679245284,1.0795717306002905,0.045965748928904404,-0.05632186459489472,5.347137968945363,0.24482416343327162,0.32813651498335185,1.8793581782330893,0.1559475326076284,-0.04915233917869036,0.059197529335186655,0.3019721556399933796,,-0.0733565567147617,7.119237958578982,0.603861373743176
R:A:SER:147,0.0,3.555265072438639,0.1184430523203224,-0.031053274139844614,1.3055932326430462,0.043495616898384756,0.30892785793562716,2.5311756549069933,0.084325687232214,-0.27637402885682577,0.7804775904220039,0.026001478425287806,0.0,0.011177187709640794,0.00037236611102501633,,0.0015005549389568898,4.62175332737429,0.1539729274786065
R:A:HIS:163,0.0,6.125412366029987,0.83743741261391017,-1.45406215316315204,1.9847199815735488,0.035459863571003847,1.6099267480577133,2.812945838751842,0.22371281307162446,-1.0004472807991118,1.7013857442243772,0.00135100439184424,-0.00456177136516543,0.0121157672963371735,0.0007048642828924144,,-0.59914445726970062,4.484460024306341,0.38271385462743479
R:A:HIS:164,0.0,3.9190341415237033,0.13056195710077625,-0.5383529411764706,1.4551588964602824,0.048478371597087865,-0.05689900110987825,2.301361019401437,0.0766694516653707,0.7775471698113207,1.103724343580938,0.03677038913002929,-0.0276318179800222,0.019421354864861042,0.000647019140210673,,0.15466340954494967,4.898077497716255,0.1631786203027237
R:A:MET:165,0.0,3.9991413490680294,0.23323071512052623,-0.2128179800221976,3.2756696646921377,0.24249871831214542,2.0407225305216423,1.12480023700212,0.07078735917399563,-0.1094605993340732,0.8329426288679887,0.021086376227736944,-0.25232511875693675,0.27451356727192267,0.00248240684369239,,-0.2338811675915653,6.7477794086869265,0.45817146498242166
R:A:GLU:166,0.0,6.53997220045378,0.15124840311897876,-0.0025593784683675,1.276686985924876,0.24253261019630666,-10.15593340732478,16.397329099245891,0.7846274235221872,20.31898113209871,20.97786154412961,0.5322997448232808,-0.1538395027746948,0.4609501679458069,0.005362027521029209,,-2.103351156492786,14.375877380760606,0.6787633864790324
R:A:LEU:167,0.0,4.403913969820132,0.14671564626370268,-1.1336315205327414,1.747808493976949,0.05822794325600559,-1.536691453940067,3.077700588314596,0.10253307260659232,2.047129855715871,1.75327389357845,0.05841002211588312,-0.03614906637069923,0.02902979663915827,0.0009671227467215769,,-0.6593421851276361,5.915770936361849,0.19708290444007176
R:A:PRO:168,0.0,3.570968723603566,0.11896621679291453,-2.1233906770255273,1.1729936707190678,0.03907808500396518,0.08755160932297512,1.4315557050855805,0.04769203528349119,0.3573118756936737,1.5544264989628251,0.05178545492206111,-0.5157105163152054,0.1926384518401894,0.0064177173193342135,,-2.1942377083240836,4.316298741638507,0.14379675981103796
R:A:THR:169,0.0,5.3759009380135705,0.17909722709740405,-0.16160599334073247,1.213038826239714,0.04041218256177512,0.004187569367369436,4.411525228673347,0.1469692140602542,0.04107103218645951,1.7486163516276714,0.05825485689649154,-0.002977883240843507,0.16000553517216215,0.005330557240543047,,-0.11932527502774702,7.274379000917333,0.24234470146343123
R:A:GLY:170,0.0,2.453806229905565,0.08174813797309456,-0.10238401775804662,0.7382283395279778,0.02459395180429718,0.8569511653718088,3.7384231064661058,0.12454493112969128,-0.6290987791342952,2.8160508165958946,0.09381625488137518,-0.0021485327413984464,0.10219215696964676,0.0034045143605509246,,0.12331983573806843,5.336903489549141,0.17779803372230552
R:A:HIS:172,0.0,4.015782230758956,0.13378510326898085,-0.24998224195338511,1.4955047367310805,0.04982248641630265,0.6069578246392896,3.5413596766591513,0.11797979642061111,-0.7275704772475027,2.2728131704445285,0.07571838492386429,-0.0031202370699223076,0.055816848551748864,0.0018595288336224064,,-0.3737151316315206,6.0060856579189945,0.20009172405625608
R:A:PHE:181,0.0,4.41113759171923,0.1469563000009359,-0.0778068812430633,1.235488829899643,0.04116010062242776,0.383118756936737,2.8576830144453145,0.09520322448494023,-0.32723529411764707,1.25303123826322,0.04174452297893195,-1.380066592674804e-05,0.05478176863596186,0.0018250453219507486,,-0.021937219089900116,5.5429241415676,0.18466157676871794
R:A:VAL:186,0.0,4.364143662989594,0.14539070524334335,-0.27765371809100997,1.4428903043334427,0.04806964553318871,-0.7559778024417314,3.163192552346614,0.10538122287457384,0.7614306326304107,0.7989094093808972,0.026615531344782062,-0.0014304905660377353,0.14255523358693997,0.004749203405723028,,-0.27363137846836844,5.638443730657701,0.18784379566314607
R:A:ASP:187,0.0,4.270703157952312,0.1422777506811743,-0.6725715871254163,1.8649687777401596,0.0621311182195847,-8.7690743618202,7.538017865463875,0.2511277854785249,8.641226415094339,6.537038587145984,0.21778033075497535,-0.033684748501664814,0.02590865921254403,0.0008631425832211893,,-0.8341042823529413,11.012369050018247,0.36687520536052015
R:A:ARG:188,0.0,5.886331948092463,0.19610214954365654,-0.9142785793562708,1.3400669901046174,0.044644104275698156,8.681296337402884,10.438735597462882,0.3477647042728759,-7.854630410654828,7.769626893648843,0.2588438009328535,-0.04156546415094341,0.11195503334733514,0.00372976292965585,,-0.1291781167591577,14.345435518339762,0.47791574890675137
R:A:GLN:189,0.0,4.058797259719592,0.13521814165625648,-2.6240954495005555,1.5847608709826884,0.05279603937611655,-5.370207547169811,3.6049986901908797,0.12009991935259323,5.860617092119867,2.625013565882843,0.08745188130575987,-0.5555971817980022,0.17441119621961454,0.005810479392727857,,-1.6892830863485018,6.237181515429766,0.20779064331669345
R:A:THR:190,0.0,7.731186031180123,0.25756315012571185,-0.5050910099889012,1.14272581865122,0.038069716650818215,-1.0694950055493895,6.449591270560906,0.21486703824864367,1.5225438401775804,2.397592419812115,0.07987538443310149,-0.04669538024417315,0.09355522152085123,0.0031167763223440446,,-0.09873755560488351,10.413044189555547,0.3469087993800056
R:A:ALA:191,0.0,3.235325466830297,0.10778431867478318,-0.2557624861265261,0.6502956752826907,0.02166449002306184,0.3907980022197562,2.0656262634779123,0.06881598829184601,-0.2139811320754717,0.9560548694098857,0.031850805667477694,-0.04188492519422863,0.10277635543369294,0.0034239768332027915,,-0.12083054117647052,4.010190904999457,0.1335988292005278
R:A:GLN:192,0.0,4.210849530634587,0.14028373724827667,-0.866669256381798,1.4661515128466411,0.04884458874581192,-0.18651720310765832,3.0568741048186623,0.10183924184458246,0.9405382907880134,1.4915775199052839,0.049691651854464475,-0.07484563018867926,0.06642323679439205,0.002212878857307517,,-0.18749379889012205,5.608435509591953,0.18684407687275717
R:A:ALA:193,0.0,3.8202109735135554,0.12726968003546668,-0.09325083240843507,0.7497174615203774,0.024976709952996046,0.35011320754716985,3.013305616923396,0.10038776506685888,-0.26601109877913426,1.0428506967355033,0.03474239391973205,-0.008709890344062155,0.11318562557667856,0.00377075990086203,,-0.017858613984461823,5.03353230413424,0.16769127418273377
L:B:N9,0.0,4.5587953084120000,0.15752791104423357,-1.5509345172031076,1.9959766253644777,0.06649562242233223,-31.779076581576025,20.251826338702003,0.6746861563747337,35.14786015538291,18.914168542501784,0.6301223139849581,-0.3340399724750277,0.2753061981254396,0.009171779252542154,,3.5638090841287462,40.290245975208343,0.94248474190365
L:B:C10,0.0,5.05632134567524,0.12176531468942652,-1.3328468368479466,1.3486670502356073,0.04493061381895257,-0.299558268590455,7.324177350972753,0.24400372504139306,1.3569500554938958,3.449507134719619,0.1149197445794593,-0.17138527591564928,0.16850026610668642,0.005613557759498665,,-0.6868403258601554,20.201421260089976,0.33985861741152645
L:B:O17,0.0,3.334616128994016,0.1844070004610888,-4.755143174250833,1.8702062258688168,0.06230560291484316,-5.702351831298556,3.7611057096539735,0.1253005982041294,4.484349611542731,2.0983724248754467,0.06990692109957544,-0.7458691604883463,0.20411904352017704,0.006800191282123244,,-4.579014554495005,4.393537040606682,0.21299960109389743
L:B:N14,0.0,2.655962727862365,0.1216867590114194,-1.0973329633740287,1.7962302422920642,0.059841105580691195,0.3605194228634851,14.805292128965643,0.4932357938211091,1.3505005549389566,5.481997558118258,0.18263181798444847,-0.07542874228634851,0.22431338341490498,0.007472962287376303,,0.8982582721420648,28.59471290529643,0.6194797036646024
L:B:N17,0.0,4.768678372380987,0.18886771040991232,-9.882622641509434,2.671270481384828,0.088992922592794,0.04278801331853514,2.374088241254763,0.07909234671470569,4.017477247502775,1.7334240202999107,0.0577487269574692,-1.4299177944506105,0.3677419217628373,0.012251259692953147,,-3.652275175138734,6.217094766558291,0.2071214566881146
L:B:N21,0.0,4.151644652187528,0.19831133677386892,-5.023327413984462,1.7089705355085556,0.0569340632630488,-6.0949722530521635,3.6977225416945503,0.1231889987239544,7.57092230854606,2.8905634560454825,0.09629863081482401,-0.6905671591564928,0.22798281839394952,0.007595208890752877,,-3.237944517647059,5.499016761290754,0.21651364008147342
L:B:N33,0.0,6.22952450102890234,0.19822072094899438,-4.05439178690344,2.3482060612535216,0.07823008628191375,-73.67227081021088,20.509909027981873,0.6832841373540753,74.79604328523862,20.49288648851347,0.6827170343415572,-0.9700822108768035,0.342984494123275,0.011426470194144295,,-1.900701522752497,19.556630415920274,0.9846741245552227
L:B:O34,0.0,4.837846122057898,0.18117202224798727,-2.4046137624861268,1.495759188108369,0.04983096342073948,1.4076725860155386,4.073385754593914,0.1357041548863442,-0.7592563817980021,1.9672755505751467,0.0655394509882314,-0.24296829123196448,0.19267034396128777,0.006418779799934364,,-0.0091658495005544,4.792776833415241,0.22630020701342832
L:B:H91,0.0,3.1335651764487635,0.15102385234138603,-0.7959722530521643,2.0434561176855497,0.0680773936485406,-1.468895671476137,4.787177409839458,0.15948400270232355,2.0036071032186458,2.5270062310247137,0.08418678358340795,-0.0592922077691454,0.24442959088523367,0.008143130324174836,,-0.1990553029078801,5.7389778521139885,0.2578227333173267
L:B:H97,0.0,5.453822124016715,0.18169315818062465,-1.0064339622641507,2.2440228166301113,0.07475923917419938,-3.7825471698113207,5.942801520962663,0.19798342377713685,4.204536071032186,4.63400420205411,0.15438106328876602,-0.23275897891231964,0.2818192494065326,0.009388760450268235,,-1.2772040399556053,7.573406975237086,0.31893642812798056
L:B:H98,0.0,7.974390702594099,0.12568767618643076,-0.19444839067702553,2.137471280420505,0.07120949283434952,33.0035538290788,29.410198911912527,0.9797957838584948,-32.56599445061043,28.80206887150786,0.9595360348030456,-0.00198219755826859,0.42538159814130583,0.014171515726166047,,1.26112879023307456,1.77512505890764,1.3917311992847496
,,,,,,,,,,,,,,,,,,,
Sidechain Energy Decomposition:,,,,,,,,,,,,,,,,,,,
Residue,Internal,,,van der Waals,,,Electrostatic,,,Polar Solvation,,,Non-Polar Solv.,,,,TOTAL,,
,Avg.,Std. Dev.,Std. Err. of Mean,Avg.,Std. Dev.,Std. Err. of Mean,Avg.,Std. Dev.,Std. Err. of Mean,Avg.,Std. Dev.,Std. Err. of Mean,Avg.,Std. Dev.,Std. Err. of Mean,,Avg.,Std. Dev.,Std. Err. of Mean
R:A:THR:24,0.0,3.3180994399828223,0.11054191953804053,-0.04092008879023308,0.3517220534834625,0.011717560500876545,0.21875138734739177,3.685942162556103,0.12279653739288092,-0.13281021087680353,1.3907701495934672,0.04633327142632758,-0.0010322770255271918,0.09621888969240881,0.003205515975275568,,0.04398881065482803,5.1636384077473485,0.17202573693683457
R:A:THR:25,0.0,2.8189545005980294,0.09391299062095554,-0.5556603773584906,0.9732635113753597,0.03242410865309172,0.33069256381798,2.127060649370108,0.07086266442829091,-0.20894783573806883,0.9319157027781048,0.031046613429182537,-0.1212303396226415,0.054105345612205015,0.0018025104037488412,,-0.0151423761312207,3.78014915190176,0.12593502724965944
R:A:THR:26,0.0,4.119234422446178,0.13723159547223504,-0.2810965593784684,0.9678418189045995,0.03224348588885477,-0.03396670366259708,2.913248985901489,0.09705439539071432,0.04503329633740289,1.4908046724400523,0.049665904572364555,-0.032420617092119866,0.09678425484116268,0.0032243510192257537,,-0.10245058379578244,5.350111721328477,0.17823806372170745
R:A:LEU:27,0.0,3.1542157527558987,0.10508216232017675,-0.42900776914539396,1.0239197114842222,0.03411171135994903,0.6754228634850167,0.8397931252806673,0.027977565399262327,-0.6534184239733629,0.3329040619425567,0.011090642307372039,-0.01889224861265261,0.02027023061321259,0.0006752992916556087,,-0.01589557824639285,3.4371466480898123,0.11450795706579449
R:A:ASN:28,0.0,2.650062478890122,0.0882863815901095,-0.03669145394006658,1.1067586740037012,0.03687147733293338,-0.26666259711431745,3.290949915217098,0.10963743772957361,0.3366958934517203,1.515316299486731,0.05048250526615041,-0.0005970086570477247,0.015873103292677295,0.000528809741460679,,0.03274483374028859,4.62325996369114,0.15402312081172467
R:A:PRO:39,0.0,2.100867649712886,0.069990049091427,-0.04378468368479468,0.8269116624306295,0.02754842165126528,2.0173973362930075,0.9911735762677388,0.03302077942443687,-1.9900299667036627,0.8913150138153215,0.029694008369059256,0.0,0.00013468947051198138,4.4871568442306265e-06,,-0.016417314095449487,2.6218877377491157,0.08734774487214834
R:A:ARG:40,0.0,5.029238636314027,0.16754823136822805,-0.027403995560488337,1.566907519331471,0.05220125799677265,7.888849056603773,8.486677137625426,0.28273220807920535,-7.848245283018868,7.207290509002829,0.2401096597447358,0.0,0.06605141752068501,0.002200491761326744,,0.013199778024417156,12.317529319808585,0.41035639817496994
R:A:HIS:41,0.0,2.887543885718726,0.0961980343420126,-1.3317147613762486,0.7866931856271445,0.026208549924341868,-0.3330732519422864,1.4202228348622195,0.047314482635951394,1.1460776914539403,0.9131225304167152,0.03042052208243013,-0.14690148812430634,0.045927000401124136,0.00153005022145777,,-0.4656118099889011,3.4365288891333843,0.1144873765310364
R:A:VAL:42,0.0,2.841342894992794,0.09465885617939847,-0.05779911209766926,0.7759146567841866,0.02584946506578113,0.7657513873473918,0.9441464409549224,0.031454078395163065,-0.7080332963374029,0.43645477449997705,0.014540416716691245,0.0,0.0026282849934963445,8.756086836132204e-05,,-8.102108768033194e-05,3.1236493371651424,0.10406384737395043
R:A:CYS:44,0.0,1.7108290065226102,0.05699597790937431,-0.06120421753607105,0.6624934826552721,0.022070857904889815,-0.006046614872364039,1.3776032446406226,0.04589461822313427,-0.010257491675915649,0.5487186241819287,0.01828046781010791,-0.00012940821309655935,0.005511425858414022,0.00018361221681283693,,-0.07763773229744729,2.3589715360943475,0.0785887362486096
R:A:MET:49,0.0,2.678434415126379,0.08923158782919165,-1.5645072142064373,1.0541863332037387,0.035120038724250215,0.3920554938956715,0.7606175692410923,0.02533984519122913,-0.517180910099889,0.5792813993001095,0.01929866147460841,-0.22015789211986678,0.07126543771557235,0.0023741959589489645,,-0.9097905225305216,3.0338926365435293,0.10107361813049963
R:A:LEU:50,0.0,3.4369389733105202,0.11450103841577877,-0.08117980022197559,0.7018724513147581,0.02338276156051698,0.7042918978912319,1.636786849195083,0.05452927600794943,-0.6784994450610434,0.8584223315688888,0.02859819424412323,-0.0007729411764705877,0.1106631679829015,0.0036867246543563176,,-0.056160288568257506,3.9665326003901074,0.13214436019422246
R:A:PRO:52,0.0,2.416270607347907,0.0804976450799098,-0.044006659267480576,0.8558726979419545,0.028513253632686485,1.7001342952275251,1.5458025425072577,0.051498149276810214,-1.669128745837958,1.4188495249555706,0.047268731049554584,0.0,0.04189733332153429,0.001395802546807182,,-0.013001109877913452,3.3128954985697736,0.11036855111332422
R:A:TYR:54,0.0,3.4918700518023265,0.11633105797022904,-0.07621309655937844,1.122306103580606,0.03738943730984186,0.242204217536071,1.5489433786533227,0.05160278569980491,-0.19901997780244174,0.8016706836344396,0.026707522727764586,0.0,0.04735449305587023,0.0015776068969089745,,-0.13302885682574922,4.061634076587122,0.13531264972859933
R:A:CYS:85,0.0,1.800006390254799,0.05996690730900303,-0.009003329633740294,0.667420905467167,0.022235014159352525,-0.10772586015538292,1.481183541383705,0.04934537822457638,0.1061920088790233,0.5980414321357096,0.01992364878368515,0.0,0.04429563612331469,0.0014757015974949574,,-0.010537180910099865,2.497797832333353,0.08321371073963806
R:A:VAL:114,0.0,2.9736405799045245,0.09906633109240387,-0.003950055493895672,0.7654350542552913,0.025500338886625454,1.0940355160932298,1.397068130829224,0.046543087602005165,-1.0748213096559378,0.5982564597807423,0.01993081239317474,0.0,0.012704964050435686,0.0004232637204520398,,0.015264150943396183,3.4261203555475523,0.11414061800165369
R:A:LEU:115,0.0,3.1265827734605907,0.10416157430613154,-0.003052164261931202,0.9942653854599153,0.03312378252278594,0.6460832408435073,1.0492800599340064,0.03495658706319415,-0.637183129855716,0.5054374437655215,0.016838562632267105,0.0,0.034862367872332024,0.0011614338671745313,,0.005847946725860151,3.481631016413612,0.11598994624450804
R:A:ALA:116,0.0,1.2965714087233773,0.04319505636611223,-0.004457269700332963,0.3553437055405944,0.01183821522432158,0.008823529411764706,0.3710697438331872,0.01236212552027128,-0.01553829078801332,0.12600966345489797,0.004197990545671835,0.0,0.0058850056547090565,0.00019605796430474968,,-0.011172031076581589,1.4003472392054208,0.04665233054087258
R:A:CYS:117,0.0,2.800314993478429,0.093292018605646,-0.015574916759156478,0.705025272995347,0.02348779727955958,-0.029369589345172028,2.7902253861108126,0.09295588504907987,0.02651387347391787,0.651419233365995,0.021701921169863633,0.0,0.002011343116125467,6.7007554453306e-05,,-0.018430632630410622,4.067988872484752,0.1355243586750919
R:A:TYR:118,0.0,3.4241714003914447,0.11407568889149694,-1.7685471698113204,1.1910779262892244,0.039680558908168594,-0.009766925638179845,1.9136494347104254,0.06375290604216241,0.6334162042175362,1.2504794386793054,0.04165951020900612,-0.3086947498335183,0.17494643042907182,0.005828310629550626,,-0.4535926410654827,4.289519278986779,0.14290460655907436
R:A:ASN:119,0.0,4.963146497516753,0.1653463829844849,-0.5628867924528302,0.8893776272774937,0.029629464665456524,-0.7421864594894562,4.217208528643718,0.14049558618740057,1.1987769145394007,2.766918083731378,0.09217940622712822,-0.13954064284128745,0.15382613016074154,0.005124691411648854,,-0.245836980244173,7.133593880659301,0.23765446908275334
R:A:SER:123,0.0,3.2728925966741462,0.1090358612278585,-0.007617092119866807,0.6815438510157129,0.022705517692687128,0.7971975582685904,3.0442344604385183,0.10141815423785704,-0.7550355160932298,1.7434669294740948,0.05808330477164895,0.0,0.10270080389814255,0.0034214598466221153,,0.034544950055493906,4.8470522804725675,0.16147872385266676
R:A:TYR:126,0.0,3.4934656793375645,0.11638421603068001,-0.005651498335183114,1.135866376801962,0.03784119551011953,0.25581576026637065,3.0147372747609236,0.10043546050466735,-0.2560754716981132,2.2761526592839614,0.07582963942761378,0.0,0.12652063723822748,0.004215013550516787,,-0.005911209766925648,5.270674920207489,0.17559164017813786
R:A:SER:139,0.0,2.7316992880429587,0.09100609802777057,-0.0008701442841287505,1.044763503974832,0.034806118768178046,0.413684794672586,2.7478389036411563,0.09154378658144456,-0.4139256381798002,1.8025355688253195,0.06005116646370795,0.0,0.03835930103012378,0.001277933601661248,,-0.001110987791342967,4.399424545636844,0.14656608185919412
R:A:PHE:140,0.0,2.4438701138132752,0.11473194818494661,-0.03231298557158714,0.8235831233953912,0.027437531938383605,0.4293673695893452,1.0384549880360427,0.03459595163065739,-0.4568623751387348,0.5522263584333602,0.018397327381195563,-6.770077691453938e-05,0.02986344108040905,0.0009948954697562293,,-1.05987569189789127,3.7313221597976023,0.12430836429693906
R:A:LEU:141,0.0,3.914323522637226,0.1304050236322826,-0.014706992230854607,0.8153967564165534,0.027164804512261546,0.9815771365149831,2.3663609484692594,0.07883491326739875,-0.9682186459489456,0.6617619883539649,0.022046488296425623,-0.00023109522752497223,0.2020654066727746,0.00673177471919254,,-0.0015795968923419381,4.697363516536708,0.1564918680944101
R:A:ASN:142,0.0,4.551901514925107,0.15164582620541983,-0.1745560488346282,0.7803925317925752,0.025998644711488567,-4.33973473917869,7.154657412504262,0.23835619707026798,3.523473917869035,4.103324432347332,0.13670155685308902,-0.06995191564927858,0.13635440763719373,0.004542623941905092,,-1.0607687857935628,9.453772078759775,0.31495081186193963
R:A:GLY:143,0.0,0.45200943651640365,0.011727134617830719,-0.0044406215316315206,0.1819972348613429,0.006063206982215272,1.5919544950055495,0.7892968788746585,0.026295291522860663,-1.5424927857935629,0.7078851744772005,0.023583074411909603,0.0,0.004071730610158728,0.00013564901403047551,,0.24502108768035517,1.1318750810623168,0.037708226170145
R:A:SER:144,0.0,3.7897389590714807,0.12625451004748245,-0.5958346281908989,0.710946477472033,0.023685061201473116,-1.6826836847946725,4.542225728911879,0.1513234790370218,1.4965638179800222,2.0729079999699747,0.06905857810687788,-0.1554920550499445,0.06468399986014804,0.002154936474108843,,-0.9374465500554938,6.308764731728435,0.21017542601518985
R:A:CYS:145,0.0,2.9782006447594223,0.06590341864625614,-0.5842530521642619,0.6878645842894346,0.022916091848646954,-0.6541220865704773,1.6341568295445212,0.05444165734978246,0.4814017758046615,0.5539778915105308,0.01845567940830835,-0.13951544683684797,0.05498096189550412,0.0018316814115758846,,-1.8964888097669256,2.7141883558895983,0.09042272429586612
R:A:SER:147,0.0,1.6920605659508248,0.05637071049799391,-0.015136514983351827,1.0332720104702715,0.034423281612954146,0.8763429522752497,1.5844334443701493,0.05278513121410617,-0.8399223085460599,0.7105086226688535,0.023670474143038644,0.0,0.010617036634993072,0.0003537047730684975,,0.02128412874583795,2.635542557133058,0.08780265286178172
R:A:HIS:163,0.0,3.7939503010277611,0.08874294600368932,-0.09793562708103254,1.181684101365884,0.03936760522561239,2.56784461709212,2.0513046941735213,0.06833886764180526,-2.407619311875694,1.3252612133649595,0.04415085233715411,-0.004561771365149833,0.021106048078865437,0.0007031444086293075,,-0.092272093229744734,3.040387285607098,0.1246048164941185
R:A:HIS:164,0.0,3.0387195803254543,0.10123442694313696,-0.1456870144284129,1.1473769113617678,0.03822466701486638,0.2632519422863485,1.416405113143393,0.04718729588501323,-0.13308879023307438,0.7510809887765679,0.02502213563205361,-0.0032432124306326303,0.0039695609072646085,0.0001322452477236388,,-0.018767074805771267,3.6222413390376826,0.12067435527168500
R:A:MET:165,0.0,2.885198885221231,0.0961199110485431,-1.4207924528301887,0.874682859519661,0.029139910972296276,0.9550122086570476,0.7502125449041632,0.02499320357187787,-0.794253052164262,0.48943315789773195,0.01630538256558708,-0.23031322441731408,0.07075232157806638,0.0023571015819383256,,-1.1876346520754717,3.145919942021624,0.10480578879392229
R:A:GLU:166,0.0,2.741020202248711,0.09131662270214819,-0.48405327413984456,1.0681385982539855,0.03558485606575996,-41.90959933407325,15.581306209572915,0.5190885711746774,40.58130410654829,14.986287202140264,0.4992656139568656,-0.29748179267480573,0.12672197897458126,0.0042217212162821574,,-3.2098302943396225,11.818251020090467,0.6268713287074078
R:A:LEU:167,0.0,3.1564690802233732,0.10515723154221421,-0.4347536071032186,0.999165615278793,0.03328703284730276,1.3407591564927857,0.9033210260253698,0.030093986627608,-1.2624206437291896,0.5525149883503575,0.01840694303788039,-0.02161078002219756,0.021798131358146882,0.0007262010455854166,,-0.37802587436182045,3.4761136097808523,0.11580613477921321
R:A:PRO:168,0.0,2.3394322203086353,0.07793778726034668,-1.330361820199778,0.8128989977851933,0.027081592107495677,4.548531631520532,1.8335164581112482,0.06108328953072483,-4.11173473917869,1.7407586564538022,0.05799307911575427,-0.38915961642619307,0.1560368355603329,0.005198340686730618,,-1.2827245442841289,3.542614668610418,0.1180216062644109
R:A:THR:169,0.0,3.163325712461807,0.10538565908120526,-0.04836958934517203,0.7927399928285068,0.02640999827970475,0.47270033296337405,2.9165949004893053,0.09716586396718033,-0.45033407325194225,1.2694692774901812,0.042292153465135617,-0.0027210566037735853,0.16109714619552887,0.005366924076466586,,-0.02872438623751383,4.5584094385998,0.1518626365778092
R:A:GLY:170,0.0,0.3305051629216003,0.011010723393743637,-0.003125416204217536,0.1505604505840015,0.005015895850955565,1.4400199778024418,1.108690705680991,0.036935842640266364,-1.4129911209766923,1.0292252851225003,0.034288465644995034,-5.1223085460599025e-06,0.027812912857755473,0.0009265824701312914,,0.02389831831298561,1.5560126729941597,0.05183829804063444
R:A:HIS:172,0.0,2.8440752772908526,0.09474988503178897,-0.20986126526082133,1.151115665237755,0.038349222965526515,0.587607103218646,2.865841910389741,0.09547503671821456,-0.7090865704772474,2.0264154036586466,0.06750968515369138,-0.003120245061043285,0.055847390674015895,0.001860546339240677,,-0.3344609775804662,4.662226896262048,0.15532129755501115
R:A:PHE:181,0.0,3.2062218532589317,0.10681473672949683,-0.07366925638179797,0.7858772992279528,0.02618136880746368,0.22337402885682575,0.5580061548680022,0.01858988031819487,-0.1759511653718091,0.3686549434615931,0.012281676855845912,-1.3784683684794688e-05,0.03703539584292616,0.0012338279251056497,,-0.02626017758046615,3.368398827115258,0.11221763508116339
R:A:VAL:186,0.0,2.8042066606415363,0.09342166883650685,-0.05127302996670368,0.7600769610941845,0.02532183492259252,1.1104950055493896,1.3515189687953495,0.045025625001607686,-1.116963374028857,0.7733015140801804,0.025762408660223505,0.0,0.14336346175471604,0.004776129389921724,,-0.05774139844617095,3.2994611407366454,0.10992098776282903
R:A:ASP:187,0.0,2.7700133213588156,0.09228252354321599,-0.20629078801331852,1.3901127237869815,0.04631136939719395,-7.510112097669255,6.5980579495626035,0.21981318045478887,7.539572697003329,5.790882515067181,0.19292226788661765,-0.0045224630410654835,0.019211860600488732,0.0006400398743583981,,-0.1813526517203108,9.30991113223024,0.31015810885120154
R:A:ARG:188,0.0,5.053741029264039,0.1683645244296511,-0.10953940066592674,1.054691428721063,0.03513686589566114,9.39361487236404,10.833379074627967,0.36091218471704883,-9.161907880133187,8.367148738713217,0.278750139761466,0.0,0.1179684173581356,0.00393009779709933,,0.12216759156492736,14.630033121579583,0.48739706974330177
R:A:GLN:189,0.0,2.8484704449100646,0.094896309294867,-1.999671476137625,1.0824954163835265,0.03606315102442649,-5.732619311875694,2.8051886265992234,0.09345438286568142,5.807263041065484,2.365486011850747,0.07880576490248868,-0.5314247920088789,0.16669474595706668,0.0055534071622324755,,-0.4564525389567144,4.772627645585854,0.1589992797762898
R:A:THR:190,0.0,3.9608946587675797,0.13195653312620642,-0.09170477247502776,0.7866502194791801,0.026207118514416684,0.4883207547169811,3.6719800123613235,0.12233139072945923,-0.38146836847946725,1.5378461927141125,0.05123308483418009,-1.744461709211988e-05,0.10072356425732149,0.0033555884436589183,,0.015130169145394057,5.671512886848027,0.1889454889875634
R:A:ALA:191,0.0,1.4096651432093836,0.046962754930888626,-0.06054716981132075,0.19232996458851967,0.006407440118915903,-0.0541276359600444,0.40399609708651896,0.013459061389085912,0.033357380688124307,0.08074835058273831,0.0026901175912295012,-0.016720693451720312,0.050135564963493064,0.001670257835376189,,-0.09803811853496115,1.4820233968177883,0.04937335786578283
R:A:GLN:192,0.0,2.956417049592088,0.09849253210403834,-0.6075937846836849,1.1638502863734401,0.038773474706738836,1.2020943396226416,2.00519285070511,0.06680265940494114,-0.7571176470588236,1.0139621778698922,0.03377997781805184,-0.0591070614872364,0.04293774143259611,0.0014304635663998668,,-0.22172415360710346,3.8917490382242277,0.1296529585164742
R:A:ALA:193,0.0,1.3998509681548899,0.04663579735507477,-0.0315149833518313,0.27461541404733675,0.009148765898252748,-0.022423973362930078,0.3961645794525844,0.013198155708647467,0.01134850166481687,0.07424409630525508,0.0024734294641852346,-0.00849585615982242,0.111905579167883,0.0037281153720631075,,-0.05108631120976693,1.4865994003680003,0.04952580664720209
L:B:N9,0.0,2.46220797241688,0.11534287083115584,-0.931416204217536,1.4231245023513301,0.047411151195742685,-3.367583795782464,2.199809729580084,0.07328628768506686,3.6874861265260823,1.329055270884135,0.044277250719298306,-0.55773453229744725,0.28724008727795897,0.009569354743673462,,-0.8692484057713651,4.54974999539747,0.1515741486976144
L:B:C10,0.0,2.8390376533784503,0.12789688767900986,-0.6076126526082131,1.0091565346419529,0.033619878629754414,-2.1355216426193118,5.13427763839823,0.17104758789046906,2.6593529411764707,2.2078768884139057,0.07355504371207536,-0.0243497615982242,0.12098878654375185,0.0040307208837580275,,-0.2081311156492787,6.856148519721971,0.2284114239842931
L:B:O17,0.0,3.9220899311913704,0.09734892998214276,-3.8745604883462823,1.422920370147348,0.047404350566022005,-3.865532741398446,1.0572680097729374,0.03522270425598497,3.912578246392897,0.932632575479554,0.031070495921529735,-0.9736331667036626,0.18269647258107108,0.006086501968140274,,-4.501148150055494,3.5474369779008996,0.11818226067975257
L:B:N14,0.0,5.736475466502459,0.15779487606758658,-0.30465371809101,1.3191797469948863,0.043948249317469615,-0.16786570477247503,8.6425719118694,0.28792581601729883,0.5750754716981132,4.491304111931784,0.14962703401215852,-0.217422098113207548,0.19497979912356095,0.006495718906595386,,0.08513395072142083,10.912301042833114,0.363541456689429
L:B:N17,0.0,4.9571849778401025,0.13183294573589027,-7.953561598224196,2.165904308384889,0.07215673433398283,-2.026015538290788,1.467568051029519,0.04889178047489255,4.62751165371809,1.4264142817087524,0.047520749636538046,-0.2773940572697005,0.3298801204034088,0.010989900208361904,,-6.629459540066592,4.9646438949058815,0.1653962685242945
L:B:N21,0.0,3.8251488296407867,0.0941193536414201,-2.3547236403995564,1.241473964046475,0.041359494350449034,-6.991794672586016,2.3796654032654687,0.07927814892027227,7.474008879023307,2.1399437960515137,0.07129186427284412,-0.9677558091009989,0.2009856392517521,0.006695802450870442,,-2.540265243063263,4.450312980226152,0.14826142141834164
L:B:N33,0.0,4.7891030522817157,0.12623332492073763,-1.7196903440621532,1.6372727540081418,0.054545463844305704,-71.92912874583796,19.87038220822004,0.6619784099244908,72.4787846836848,19.760537752164172,0.658318960518993,-0.9397096284128747,0.28819484520516975,0.009601162341931755,,-1.9097440346281906,28.327230038182055,0.9437168596829324
L:B:O34,0.0,4.6614549896881017,0.12198075138590618,-0.46801109877913427,1.0704673898163461,0.03566243936130721,-0.770850166481687,1.4508025404656273,0.04833324033669299,1.0370055493895673,0.9301463933499635,0.030987669185955007,-0.00379326170921199,0.17062568884255325,0.005684365857116659,,-0.2556489775804662,4.189423173224279,0.13956992178864844
L:B:H91,0.0,5.349199081291903,0.1115779988085485,-0.34001997780244175,1.1589855604622639,0.038611407188879676,-0.6631465038845727,0.7597817019604101,0.025311998414676188,0.8362630410654828,0.6171696814713922,0.020560903162950995,-0.00677595560488347,0.19933209910546723,0.006640715041614109,,-0.2236793962264151,3.6821572415612156,0.12267044339249229
L:B:H97,0.0,3.92683862780807,0.09750713200375441,-1.0467058823529412,1.5264450443970572,0.050853257513540265,-2.7527314095449507,4.836811032610724,0.1611375384187791,2.810155382907881,4.072238452452641,0.13566593271028218,-0.5230793740288568,0.242819623614583,0.008089494537873006,,-1.2123612830188677,7.136753265682147,0.237759723458429
L:B:H98,0.0,3.5505248630281187,0.10829068397875222,-0.05613762486126526,1.0403418168334428,0.03465881101172082,-2.100368479467259,3.3970227074662813,0.11317123479565709,2.253940066592675,1.8876859564084914,0.0628879371702847,-0.0006069496115427304,0.22126741226999197,0.007371486275790011,,0.09682701265260832,5.176900983582004,0.17246757739921362
,,,,,,,,,,,,,,,,,,,
Backbone Energy Decomposition:,,,,,,,,,,,,,,,,,,,
Residue,Internal,,,van der Waals,,,Electrostatic,,,Polar Solvation,,,Non-Polar Solv.,,,,TOTAL,,
,Avg.,Std. Dev.,Std. Err. of Mean,Avg.,Std. Dev.,Std. Err. of Mean,Avg.,Std. Dev.,Std. Err. of Mean,Avg.,Std. Dev.,Std. Err. of Mean,Avg.,Std. Dev.,Std. Err. of Mean,,Avg.,Std. Dev.,Std. Err. of Mean
R:A:THR:24,0.0,3.2454685360400117,0.10812223330354273,-0.1642330743618202,0.548495539143676,0.018273035769931077,0.29515871254162035,2.682900668414315,0.0893803802992552,-0.05967369589345171,1.2529680848191962,0.04174241903266569,-0.023988586015538292,0.06439902327740624,0.0021454425276345225,,0.047263356270809874,4.427860163469343,0.14751340963984402
R:A:THR:25,0.0,2.9734160081765824,0.09905884952341243,-0.4275682574916759,0.7873612468229589,0.026230806269665438,-1.544729189789123,2.459025138253153,0.08192200501869415,1.0474772475027747,0.8673519117652845,0.028895681692414882,-0.03485596714761376,0.018666204410745173,0.000621861431031703,,-2.9596761669256381,4.0324425460594355,0.13434013884483856
R:A:THR:26,0.0,4.5841143904681125,0.15271899268544017,-0.059341842397336295,0.8391342445603327,0.027955614899920822,-4.162598224195339,4.251653222198581,0.1416431053055961,2.403845726970033,1.0513347297415259,0.03502503803901579,-0.09758726570477246,0.044924412889698194,0.0014966491887212512,,-0.0956816053274142,6.3954772350432485,0.21306423834216995
R:A:LEU:27,0.0,3.040136427093666,0.1012816289526856,-0.1493951165371809,1.1208629246880553,0.03734135805004121,-0.19173140954495005,2.645668526786572,0.08813999782172939,0.08488568257491676,0.6666328990067618,0.022208761857901903,-6.360932297447276e-06,0.015217233897047345,0.000506959563890484,,-0.03624720443951177,4.235912668027609,0.14111871141562252
R:A:ASN:28,0.0,3.070571909242673,0.10229558187352825,-0.028019977802441726,0.6137241246709529,0.02044611502308745,-0.03285682574916786,2.3046004104607203,0.07677737142856784,0.041369589345172035,0.6283852724684685,0.020934548672977303,0.0,0.0023434299619191344,7.807097134341441e-05,,-0.019507214206437615,3.9384166546022397,0.1312076822334696
R:A:PRO:39,0.0,2.4404708324487623,0.08130387147073642,-0.02728412874583793,0.52576626988538,0.01751581402327902,-1.6945804661487236,2.1596571024394753,0.07194860972848305,1.656255271920089,1.0491563745795447,0.03495246650660799,0.0,0.0,0.0,,-0.06560932297447297,3.463693975082167,0.11539237675767514
R:A:ARG:40,0.0,2.3146485797648166,0.07711212448308263,-0.027697003329633717,0.8298902710262355,0.02764765349095737,-0.09015982241953398,1.7210449513058106,0.05733632037549263,0.06116204217536071,0.6131486821731894,0.020426944253965813,0.0,9.096049086815917e-05,3.0303333111501856e-06,,-0.056694783573806994,3.0633744382447,0.10205579934912645
R:A:HIS:41,0.0,2.435461569896282,0.08113698873920983,-0.16408435072142064,0.6342898949324463,0.021131260167952543,0.03698779134295258,1.7006698092628716,0.05665752597736623,0.08138401775804661,0.7708838255971466,0.02568186377885583,-0.0009813496115427304,0.006772836717656404,0.00022563590544210353,,-0.146693891231964366,3.133748916757337,0.10440031315348541
R:A:VAL:42,0.0,2.7322583281422923,0.0910247223537731,-0.09606104328523861,0.8238769206474267,0.027447319743957983,-0.5878468368479468,1.9292760773955633,0.06427350499032389,0.612772475027747,1.2345870593845514,0.04113005829080869,0.0,0.0023372855643945,7.786627178299937e-05,,-0.07113540510543834,3.6592793832929473,0.12190827142819857
R:A:CYS:44,0.0,3.0776660099713786,0.10253192063495832,-0.09905882352941175,0.9335148079288556,0.031099887345803937,0.19812874583795764,2.8689694271837127,0.09557922940925545,-0.11318091009988901,1.0751507796105935,0.03581846569721583,-0.0012126605993340732,0.016830958160907475,0.0005607205137832736,,-0.015323648390677253,4.441924810228142,0.14798197095889543
R:A:MET:49,0.0,2.3186147908628114,0.07724425813247913,-0.23807880133185352,0.9022044485759425,0.030056788039438738,-0.6631465038845727,1.7867034524013294,0.05952372219281935,0.7050987791342952,0.6976831784041828,0.023243196644702976,-1.7724306326304104e-05,0.0010248436868247324,3.4142493441557274e-05,,-1.21214425038845745,3.141499563901544,0.10465852464728775
R:A:LEU:50,0.0,3.2090768408919,0.10690985015780545,-0.06587125416204219,0.8945056895884173,0.02980030519076733,-0.9215027746947835,4.5040950851275605,0.15005316311268604,0.9394317425083241,2.7082004814932508,0.09022323927689743,0.0,0.06044605716953503,0.0020137501328354192,,-0.04794228634850169,6.222796052347581,0.20731139405629256
R:A:PRO:52,0.0,2.5520588420843735,0.08502140706774483,-0.01438290788013318,0.5754792291795756,0.019171992822527212,-1.683708102108768,3.289656426152192,0.1095943453609685,1.6874039955604885,2.3460591316309216,0.0781585616860154,0.0,0.05195976279726262,0.0017310306765189686,,-0.010687014428412911,4.813804456442051,0.16037107823948546
R:A:TYR:54,0.0,2.509767041439873,0.0836124629090407,-0.003827968923418431,0.7491539458304253,0.02495793652345186,-0.07930521642619306,2.400893280368675,0.0799853520421649,0.08706215316315205,1.703995994260937,0.05676833726589913,0.0,0.03153395719128093,0.0010505484303908134,,0.019928967813540957,3.9406912489414934,0.13128345995772994
R:A:CYS:85,0.0,2.4397589823128913,0.08128015630430879,-0.008350721420643739,0.9598720448594478,0.031977974219548046,0.004337402885682592,1.8544686765907321,0.06178130913236599,-0.0017114317425083222,0.660284428970025,0.021997263656391024,0.0,0.0001098939793481037,3.6610992655711536e-06,,-0.005724750277469637,3.278537455322454,0.10922391873541411
R:A:VAL:114,0.0,3.1904528021617904,0.10628939346926576,-0.0020321864594894643,1.2154977546193217,0.040494101343295966,-0.9890788013318536,2.5490729750252634,0.08492193341357335,0.9959811320754717,0.7991738182000754,0.026624340079705,0.0,0.0,0.0,,0.004870144284128573,4.335075051023599,0.1444222893705978
R:A:LEU:115,0.0,2.9821595578540205,0.09935013939654692,-0.0039012208657047765,0.9478675979772528,0.031578048109630996,-0.8678668146503885,2.227205186529961,0.07419896268249757,0.8743152053274139,0.6672898808281879,0.02223064909574864,0.0,0.0,0.0,,0.002547169811320879,3.898390352409172,0.12987421277106725
R:A:ALA:116,0.0,2.846928152149865,0.09484492807339191,-0.009562708102108772,1.022793588394451,0.03407419476039225,0.7490688124306327,2.629196613764358,0.08759123883578754,-0.675472807991121,0.9934604736068897,0.03309696702105015,0.0,0.002984273867996196,9.942057727999264e-05,,0.06403329633740273,4.129255874888835,0.1375654584590466
R:A:CYS:117,0.0,3.608521853257556,0.12021729293204145,-0.0522863485016648,1.0343779153729042,0.03446012464703879,-0.9252308546059931,3.382445274728563,0.1126855900987723,0.9899789123196447,1.2039799626196301,0.0401103880581714,0.0,0.001585783946269157,5.283012295560046e-05,,0.012461709211986784,5.19440794883136,0.17305081897438462
R:A:TYR:118,0.0,2.719258448354965,0.09059163356561359,-0.14825638179800224,1.0649604381156592,0.03547897620029948,-0.08071254162042167,2.6923365089180753,0.08969473372374023,0.24968146503884575,1.2475064494329342,0.0415604655769798,-8.4865704772475e-06,0.014953156456235838,0.0004981618687815789,,0.653470405504994464,4.1633735190611105,0.13870208198258355
R:A:ASN:119,0.0,4.681142834837449,0.15595147883734164,-0.3028557158712542,0.9138635657128219,0.030445209547516318,-0.02773251942286334,4.220915862961398,0.14061909540080972,0.14584794672586018,2.5559029141780765,0.08514947167694857,-0.03686240976692564,0.08769021980560704,0.0029213847858865507,,-0.2216026983351831,6.8632867389057886,0.22864923254456532
R:A:SER:123,0.0,3.8263670171679514,0.12747476758471757,-0.005372918978912317,0.9158958197683776,0.03051291374636675,-0.3958368479467258,4.393717114421667,0.14637593975719607,0.41375582685904555,2.1322331635510468,0.0710349858601048,0.0,0.07520031157136071,0.0025052856134414013,,0.01254605993340741,6.271903469833473,0.20894739933299836
R:A:TYR:126,0.0,2.8591658020470954,0.09525262330216462,-0.0013251942286348498,1.1130282819465835,0.0370803482571757,-0.11580022197558248,2.36599254801957,0.07882264006895971,0.11941398446170921,0.8625682437776844,0.028736314605518676,0.0,0.002777773719204053,9.254105987996781e-05,,0.0022885682574920073,3.969334134145582,0.13223769281567713
R:A:SER:139,0.0,3.3783959485209136,0.11255068748360789,-0.0027913429522752513,0.8499967688658591,0.028317498053057343,-0.49548168701442846,3.3687040039673377,0.11222780199618135,0.5077047724750278,2.542724202858608,0.08471042514665553,0.0,0.06860967229251012,0.002285719584741935,,0.009431742508324282,5.473058926902352,0.18233402900297838
R:A:PHE:140,0.0,3.9437516787120042,0.198070587423336523,-0.008170921198668153,0.7264280844787633,0.02420082831063076,-0.44631409544950046,3.024091231550946,0.10074708598713038,0.5193740288568257,2.1916274697354097,0.0730136970874222,-5.937402885682571e-06,0.05362698090230424,0.0017865737646492116,,0.00088307480577087,3.810884149900367,0.14027378872283200
R:A:LEU:141,0.0,3.735107259732579,0.12443446425868639,-0.031211986681465055,0.5871235284373244,0.01955992067547715,-2.025149833518313,3.139421130225812,0.10458928198223094,2.1420998890122087,2.2716755520001737,0.0756804853585211,-0.002234285460599334,0.0634682875682364,0.002114435225492075,,0.08350378335183122,5.4144476495153375,0.1803814042471119
R:A:ASN:142,0.0,5.278287016601667,0.1758452358772244,-0.11478468368479468,0.6995915987824333,0.023306775345616895,2.2787413984461704,6.019826481544941,0.20054949726261112,-1.5759789123196446,1.8487640672622023,0.0615912610410425,-0.004308269034406215,0.03244433478800268,0.0010808775054731961,,0.5836695334073251,8.246637758134048,0.2747353369023022
R:A:GLY:143,0.0,3.808094337021981,0.1935511861151208,0.01983906770255272,0.7845829632628992,0.02613824822452392,-6.876321864594894,4.193329419412427,0.13970005771725347,5.4143829078801335,2.4279471097948395,0.08088664577664033,-0.029049346947835737,0.051003300874020205,0.0016991663099221648,,-1.2911492359600432,2.655307627019792,0.15640561350750995
R:A:SER:144,0.0,4.604016717272746,0.15338203532417102,-0.42057935627081017,1.1425401956611982,0.038063532652418366,-0.8458257491675912,3.8403538848268473,0.12794073770626008,0.9104628190899001,0.7692161537167809,0.025626305573277698,-0.022710502108768037,0.015520510887674466,0.000517063185346692,,-0.37865278845726935,6.151635584926186,0.2049406951648736
R:A:CYS:145,0.0,3.6309410110843636,0.1576493531363618,-0.21173029966703663,0.8828301975953282,0.029411338157135043,0.4978268590455049,3.534282406532163,0.11774401836781999,-0.3532264150943396,1.3028016164294962,0.043402614678155656,-0.009636972253052165,0.01655969178779007,0.0005516833206150438,,-0.17676682796892388,2.678670555390496,0.15348691152672787
R:A:SER:147,0.0,2.9822482085017876,0.09935309277782729,-0.01589345172031077,0.8173256443981637,0.02722906508790667,-0.5674461709211986,2.018973497485828,0.06726175931293671,0.5635061043285239,0.5683680728954916,0.018935085858165196,0.0,0.0026003048881358087,8.662871590134446e-05,,-0.01983351831298565,3.7364593665026784,0.12447950946618865
R:A:HIS:163,0.0,3.6460203484926184,0.18815171870213849,-0.036134295227524975,1.0410716305652556,0.03468312463229761,0.042075471698113216,1.965923301469282,0.06549440103883729,-0.012814650388457277,0.5432575068488008,0.018098531613274235,0.0,0.0005926843135607697,1.9745177287824915e-05,,-0.01687347391862465,2.499319551268231,0.11567923678023578
R:A:HIS:164,0.0,2.4489796879046404,0.08158734254572306,-0.3926936736958935,0.850643376362564,0.02833903967203722,-0.3201487236403995,1.7546446029035463,0.058455687064347,0.9106337402885682,0.7698640253548534,0.025647889306912627,-0.024388245948945616,0.017440481218029345,0.0005810266709541676,,0.17340309700332976,3.223797161103386,0.10740025512662119
R:A:MET:165,0.0,2.6099804354750646,0.08695105511835963,-0.4920221975582686,0.7615082116834008,0.02536951679299262,0.085749167591565,2.0322600693480717,0.0677043991989011,0.48480910099889013,0.5044243917544411,0.01680481297650113,-0.022012046170921198,0.013802285976453228,0.0004598208141278661,,0.05652402486126547,3.431706294190326,0.11432671259922762
R:A:GLU:166,0.0,3.428644880974166,0.1142247221376593,-0.8185183129855716,0.6345070327413307,0.021138494077192618,-4.246329633740288,3.04824153562374,0.10155164926738211,4.737615982241953,1.7137481808733246,0.05709322970728783,-0.26635743041065484,0.04930072477859067,0.0016424452763447812,,-0.1935893948945621,4.938556949437827,0.16452718636473818
R:A:LEU:167,0.0,2.7653093204830954,0.0921258105526272,-0.6988801331853497,1.3031524154207472,0.04341430148699497,-2.877418423973363,2.90704612736846,0.09684774821172938,3.30954051054384,1.8942904984094988,0.06310796636581258,-0.001453839023307436,0.01867604073681129,0.0006221891265647086,,-0.2812964368479465,4.6243642081131195,0.15405990852717824
R:A:PRO:168,0.0,2.3967528836082628,0.079847415426996,-0.7930155382907881,0.5656760175228367,0.018845400490448333,-4.460985571587125,2.022100079412363,0.06736592085902765,4.4690388457269705,2.0063725654648548,0.06684196140188496,-0.02655085194228635,0.08792463890400774,0.0029291944183530583,,-0.9115131160932297,3.766505553775399,0.12548049309431739
R:A:THR:169,0.0,3.191658486042964,0.10632956062308128,-0.11323640399556048,0.7494380251420119,0.024967400577489973,-0.4685149833518315,2.415483481932749,0.080471422130332,0.4914561598224196,1.517862161758155,0.050567320235518576,-0.1002568186459489456,0.047456866212355606,0.0015810174412376641,,-0.09055204617092126,4.346154552336654,0.14479140107590452
R:A:GLY:170,0.0,2.381717871098859,0.07934652653769962,-0.09924195338512763,0.718082248782211,0.02392278821125063,-0.5830665926748059,4.495651900914711,0.14977187986401208,0.7839356270810212,3.6019607091417374,0.11999870952969108,-0.6021434024417314097,0.08756405843904176,0.002917181741377511,,0.09948367857935654,6.275420030743522,0.20906455296271936
R:A:HIS:172,0.0,2.6016706141536052,0.08667421483177165,-0.040100998890122086,0.9360390317800227,0.03118398143487475,0.01936293007769119,2.0557163885763297,0.0684858424918731,-0.018453940066592674,0.7591552983533905,0.025291129884851216,0.0,0.0006256654571699309,2.084393848804239e-05,,-0.03919200887902343,3.5280513151458948,0.1175364306161224
R:A:PHE:181,0.0,2.7990223099585787,0.09324895307363765,-0.004124306326304105,0.9321723180007389,0.031055162521759706,0.1597280799112096,2.832736915435132,0.09437214943144939,-0.1512896781354051,1.2485285740324137,0.041594517484488065,0.0,0.03266722203462839,0.001088302956255552,,0.004314095449500393,4.27641909799923,0.1424681762534573
R:A:VAL:186,0.0,2.8884326219987875,0.09622764244030443,-0.22640288568257488,1.0772528981457563,0.03588849741934366,-1.8664639289678133,2.5368987451841707,0.08451635101320423,1.878379578246393,0.8614002274736514,0.028697402340640863,-0.201430402663706992,0.008418590966265897,0.0002804639288391723,,-0.2159176390677024,4.0842934867945955,0.136067544132833
R:A:ASP:187,0.0,2.685337631094261,0.08946156729722088,-0.4663185349611543,0.9823287684039578,0.03272611615201469,-1.2589489456159824,2.404689064218274,0.08011180793671409,1.1016581576026636,1.0536125442089095,0.035100923041298124,-0.0029162748945615984,0.014022453565538478,0.0004671556599809705,,-0.6527720719200888,3.8818595441224177,0.12932349169938576
R:A:ARG:188,0.0,3.2652615079814664,0.10878163280357167,-0.8047402885682574,0.8108425431373719,0.027013081670022386,-0.7123263041065483,3.1841836271124526,0.10608053696679838,1.3073218645948945,1.3284125885173461,0.04425583986535522,-0.24156554406215316,0.021588939696475715,0.0007192318608907582,,-0.25131027214206425,4.819083917518605,0.1605469625889707
R:A:GLN:189,0.0,2.678588212889687,0.08923671157556642,-0.6244428412874584,0.9044154203329507,0.030130446188172625,0.36240732519422875,2.434395731661936,0.08110148051937713,0.053332963374028854,1.5204101043222993,0.05065220450948556,-0.124172525638179797,0.050330792331666326,0.0016767618020036461,,-0.02032107835738047,4.029052583310811,0.13422720281137318
R:A:THR:190,0.0,4.847004863191671,0.1614771441540036,-0.4133962264150944,0.8152173009639961,0.02715882598432528,-1.557832408435072,3.9529267650071285,0.1316910840982653,1.9040410654827968,1.7554269519638166,0.05848175089047257,-0.6466780075471698,0.0624926607504082,0.002081932383685719,,-0.1138655769145394,6.547449466581097,0.2181271674359286
R:A:ALA:191,0.0,2.6809634985017965,0.08931584381248787,-0.19518867924528302,0.5533392914082169,0.01843440455431322,0.4449256381798001,1.9575633629219387,0.06521589110537725,-0.24734295227524972,0.9480458298795416,0.031583985875197784,-0.725164295671476135,0.06994942317488362,0.0023303531579422355,,-0.0227702890122092,3.4970684564251635,0.11650424193771941
R:A:GLN:192,0.0,2.7420869475774943,0.09135216114167807,-0.2590832408435072,0.7807636065325876,0.026011007003455704,-1.3886115427302999,2.2850104894522807,0.07612473653590089,1.6976426193118757,1.30152116498749,0.04335995665574409,-0.315738696559378467,0.05376166331400535,0.0017910606863303564,,0.034209139178690236,3.879014466796981,0.12922870843129008
R:A:ALA:193,0.0,3.2970903561315494,0.1098420054761921,-0.061729189789123194,0.5771914482820955,0.01922903511124874,0.37257602663706985,2.9697545166424355,0.09893686755455408,-0.2773596004439512,1.0421319803379672,0.034718450004962716,-0.00021405016648168708,0.052124367288394445,0.0017365144471965554,,0.033273186237514026,4.594796261826214,0.1530748574163022
L:B:N9,0.0,4.26259927298017,0.10869294089646409,-0.5395038845726969,0.918694058852517,0.030606136606405186,-28.411489456159824,18.578266540874836,0.6189317958259528,31.4603551609323,17.77388952607271,0.5921341121347835,-0.007630534428412875,0.11450701251451452,0.003814781682367661,,3.4330564759156497,25.933854345132797,0.8639819547860729
L:B:C10,0.0,4.4244508697879326,0.11408499936699615,-0.8252619311875693,0.9499319254725309,0.031646820829680754,1.835986681465039,3.954723649724109,0.13175094700755913,-1.3023817980022196,2.125016385195257,0.07079456011435509,-0.09703559422863485,0.08405351373466086,0.002800228540526973,,-1.3386926419533852,5.7264153882538,0.19077455650124392
L:B:O17,0.0,4.1822982435670557,0.10601772573406007,-0.7406159822419535,0.8908911963290305,0.029679888961453845,-1.8368324084350722,3.508832183666267,0.11689614851365984,0.5717358490566038,1.9377246192368704,0.06455496672748037,-0.97223600976692562,0.04021203132233993,0.0013396569968132956,,-1.0779485513873475,5.195094439497559,0.17307368929438535
L:B:N14,0.0,6.633547773813298,0.18768068769204846,-0.7326714761376248,0.816997378952454,0.027218128980311607,0.5284162042175361,6.736982833820587,0.22444143938893255,0.7754150943396225,1.7136813174848045,0.0570910021648505,-0.065800697980022197,0.051715544031456014,0.0017228945697964973,,0.0131528426193119,8.985024267949205,0.2993345581228646
L:B:N17,0.0,3.238619424151317,0.07457922607108804,-1.329062153163152,0.947658837401342,0.03157109328648526,2.0688002219755828,1.8036910129107753,0.060089659887258215,-0.6100588235294118,0.8915135872960579,0.02970062381085869,-0.9525237211986681,0.04652963240440686,0.0015501268043398885,,-0.002284447591564941,3.155905092263186,0.10513844237906732
L:B:N21,0.0,3.9699868264565192,0.09894460691657166,-0.6686037735849057,0.806736127390658,0.02687627712655598,0.8967935627081023,2.741439657062393,0.09133059676805627,0.0969012208657048,1.565303767823705,0.05214782928755609,-0.922811334073251945,0.05538641101602146,0.0018451888801938926,,0.40227967591564964,4.409124614020933,0.14688923799065504
L:B:N33,0.0,4.1815799220165544,0.10599379497355267,-1.3346903440621531,1.1574573173826537,0.03856049403012826,-1.743138734739179,2.7062290667486004,0.0901575619293613,2.3172552719200885,1.9159812803114065,0.06383059108248783,-0.83037259844617095,0.07613164973999027,0.0025363129864184714,,-0.090946405327414,4.739474052893674,0.1578947734641478
L:B:O34,0.0,4.103022419650118,0.10337666511871475,-0.9365960044395117,0.9291521007958653,0.030954544498313648,2.178518312985572,3.302617162315777,0.11002613008594835,-1.7962375138734739,1.8090995344955023,0.060269843865662955,-0.08917524528301885,0.09186557757178802,0.003060486121027399,,-0.4434904506104326,4.967960576951249,0.16550676322357158
L:B:H91,0.0,4.8464551721975533,0.1281440010592157,-0.25597669256381794,1.099720991561174,0.036637018137129364,-0.8057613762486127,4.713996299282206,0.15704598642787274,1.1673762486126527,2.2692000697274692,0.07559801508686204,-0.002516044395116537,0.06638262982463164,0.0022115260430036867,,0.00312213540510541,6.58635258475019,0.21942321821325222
L:B:H97,0.0,4.9125255745489915,0.13034512529695597,-0.21971809100998888,1.065986604848014,0.03551316277077826,-1.0298279689234187,3.4918013009203763,0.11632876754626852,1.3943729189789122,2.403193722310965,0.08006199087493235,-0.109679524972253052,0.10078288575081402,0.0033575647291437687,,0.03514733407325175,5.86705696199889,0.19546000665421268
L:B:H98,0.0,6.708591843214411,0.1568659378914744,-0.11828745837957824,1.5462776622297676,0.05151397780970581,35.10391453940067,29.49388714608721,0.9825838431724936,-34.819933407325195,28.92221247793888,0.963538598654832,-0.1013752479467258603,0.2510206869294583,0.008362711569935195,,0.0643184257491673,41.60539119807834,1.386076544526491
