| Run on Tue Oct 21 17:13:10 2025
| GB non-polar solvation energies calculated with gbsa=2
idecomp = 1: Per-residue decomp adding 1-4 interactions to Internal.
Energy Decomposition Analysis (All units kcal/mol): Generalized Born model

DELTAS:
Total Energy Decomposition:
Residue,Internal,,,van der Waals,,,Electrostatic,,,Polar Solvation,,,Non-Polar Solv.,,,TOTAL,,
,Avg.,Std. Dev.,Std. Err. of Mean,Avg.,Std. Dev.,Std. Err. of Mean,Avg.,Std. Dev.,Std. Err. of Mean,Avg.,Std. Dev.,Std. Err. of Mean,Avg.,Std. Dev.,Std. Err. of Mean,Avg.,Std. Dev.,Std. Err. of Mean
L:A:GLN:19,0.0,4.218282636390375,0.14053136990463203,-0.04130299667036626,1.39703049203429,0.04654183367194177,-0.6252763596004438,4.357808119877792,0.14517963770014208,0.7735826859045506,2.427002936675219,0.08085519080944996,-2.846437291897891e-05,0.07629003803839166,0.00254158966569055,0.10697486526082144,6.680737805837986,0.2225676458302622
L:A:VAL:20,0.0,4.272442069742283,0.1423356822322467,-0.023159822419533856,1.2694732866160865,0.04229228702848453,0.1434716981132077,2.8057861772669717,0.09347429016473285,-0.1557413984461709,0.6070778746290072,0.02022469633125636,0.0,0.001543362679756539,5.141686566347908e-05,-0.03542952275249691,5.301538047124666,0.17661984001183198
L:A:THR:25,0.0,4.736787291420868,0.15780526446180568,-0.5027114317425083,1.1710283256884717,0.039012609867922314,-0.07557158712541615,3.7630296078301684,0.1253646925452542,0.4387314095449501,1.573427966760295,0.05241848559590477,-0.13950189389567147,0.09442358181154176,0.003145705598009164,-0.279053503218646,6.360302224935778,0.21189238885200826
L:A:THR:26,0.0,4.413905680975492,0.14704851842457703,-0.44232963374028855,1.1961267725392442,0.0398487603638587,0.4618324084350722,4.219039506495916,0.14055658490370626,0.1507968923418424,1.1942861209598172,0.03978743936897265,-0.07324297092119866,0.07950007950215658,0.002648531652095609,0.09705669611542732,6.3361042112061465,0.2110862361326385
L:A:LEU:27,0.0,4.4131763284995245,0.14702422017066044,-0.8501786903440621,1.481964765600865,0.049371404576744694,-0.612449500554939,2.6109258971208225,0.08698255301257951,0.6697192008879023,0.7509542711074418,0.025017914054419197,-0.09472812253052162,0.048493837490043434,0.0016155639633099563,-0.8876371125416204,5.390321222592969,0.17957763643007305
L:A:ASN:28,0.0,8.213071371533504,0.27361707843118194,-0.12374916759156492,1.5227399009018139,0.05072982128700867,-0.3779356270810213,9.601686749393728,0.31987856400302644,0.5681897891231964,1.9452785311597103,0.06480662402078209,-0.005324651720310765,0.056198184576310636,0.001872232978542271,0.06118034273029956,12.87450711262087,0.4289120187858609
L:A:PRO:39,0.0,3.5040797245834905,0.11673782114612959,-0.06956936736958928,0.9660828811810072,0.032184887177203504,-0.09059156492785805,1.9473691954035635,0.06487627414513951,0.1044250832408435,0.7434367538263615,0.02476746924242908,0.0,0.009823018338958305,0.00032725218833449035,-0.05573584905660373,4.190099322376976,0.13959244758288247
L:A:ARG:40,0.0,5.511440657972617,0.18361270985761904,-0.0382142064372919,1.7960761242491237,0.05983597116425485,-0.4777036625971143,8.503531514281878,0.283293708776192,0.49060155382907883,7.041516403165003,0.2345869235517812,0.0,0.06537226680652602,0.002177865970582162,-0.025316315205326723,12.469929533647964,0.4154335854264466
L:A:HIS:41,0.0,4.041707322795174,0.134648793308933,-0.7762164261931187,1.260855244085784,0.042005178404649846,-0.7009733629300774,3.2856999885885165,0.10946253731520861,1.2616692563817982,2.166135234917229,0.07216442761220394,-0.10601274406215316,0.05843090399551751,0.0019466156469502632,-0.3215332768035515,5.780703631148806,0.19258316009691928
L:A:CYS:44,0.0,4.829290179211514,0.16088698246457986,-0.09290344062153165,1.1598984827964824,0.03864182104145975,-0.05596226415094321,5.791878319268927,0.1929554429345438,0.18532075471698112,1.7182257686233582,0.05724239978303194,-0.001637852164261931,0.03945757670484067,0.0013145224693130778,0.034817197780244405,7.820941073998739,0.26055332413973725
L:A:SER:46,0.0,6.818874465243565,0.22716964518726285,-0.6518723640399556,1.228790634229891,0.04093695137082499,-0.6100022197558268,8.323202514219801,0.2772860787531024,1.0744528301886793,3.5924491662867006,0.11968183409422507,-0.17441500554938957,0.18845459141644,0.006278332719599947,-0.3618367591564927,11.41156788673741,0.3801744468348859
L:A:ASP:48,0.0,4.612958252498672,0.1536799210522419,-0.04539733629300776,1.601543765946435,0.05335515867264598,-0.2984961154273029,14.722930058738868,0.4904919154338954,0.3813218645948945,12.753257006598101,0.4248725920880229,0.0,0.1551519539032729,0.005168861004549688,0.03742841287458367,20.08179852984283,0.6690217087877628
L:A:MET:49,0.0,4.038223468180568,0.1345327292838922,-1.0511698113207548,1.5341656926422411,0.051110469599114486,-0.06209655937846832,2.437015179471174,0.08118874697844515,0.13852830188679247,1.0523343729449113,0.03505834098262978,-0.12658102641509436,0.08035259393796686,0.0026769330257955014,-1.1013190952275247,5.070879638509633,0.16893549428709162
L:A:LEU:50,0.0,5.908839297864669,0.1968519780803042,-0.14669478357380686,1.5585592240217812,0.0519231359557984,0.0230199778024418,6.594297387146943,0.2196878979563319,0.046288568257491676,2.911684896122059,0.09700228800524399,-0.001146238401775805,0.20130418281149554,0.006706414675484994,-0.07853247591564923,9.452337226381047,0.31490300999853343
L:A:PRO:52,0.0,3.8333469074767677,0.12770730144539824,-0.04154938956714764,1.5017736500260843,0.05003133419846883,-0.03335072142064373,3.531747645252203,0.11765957322609785,0.06719866814650388,2.64825461962152,0.08822615306549153,0.0,0.15015494134899887,0.005002386379633685,-0.0077014428412873264,6.0381216512651585,0.20115899773591747
L:A:TYR:54,0.0,4.434878807452886,0.1477472345726191,-0.04920643729189784,1.4351549214695671,0.04781194256629424,0.018553829078801518,4.474611505389151,0.14907092265905048,0.014842397336292997,2.2053744115365075,0.07347167411974373,-2.1703884572696997e-05,0.07058856622461117,0.0023516461001382794,-0.015831914761376277,6.827783450748542,0.2274664465269062
L:A:CYS:117,0.0,6.627203504448082,0.22078415966783463,-0.02475027746947838,1.207253124481545,0.040219432889925036,0.2851109877913425,7.821945878111425,0.26058679901816845,-0.2338546059933407,1.927050652995753,0.06419936535424862,-3.96359600443951e-06,0.020619093539149938,0.0006869216008076731,0.02650214073251911,10.501146274682275,0.349843905389144
L:A:TYR:118,0.0,4.8417364915797245,0.16130162924814917,-0.10112874583795785,1.7637330537666815,0.05875846726193003,-0.04689567147613782,2.80703369160958,0.09351585089326962,0.14961487236403995,1.2665880781571355,0.0421961667984888,-0.016275004661487236,0.24791234090772493,0.008259157549916851,-0.014684549611543156,6.0081869622357225,0.200161728652835
L:A:ASN:119,0.0,9.43978513250904,0.31448483912212344,-0.013235294117647062,1.1631871559599278,0.038751382629590575,-0.09309211986681429,9.40040620858453,0.31317293695683435,0.14945283018867922,3.494855550985984,0.11643051936869227,0.0,0.14352174154128478,0.00478140245414052,0.04312541620421799,13.82261908636261,0.4604982082325988
L:A:GLY:120,0.0,2.627551542419682,0.0875364335632191,-0.0037103218645948947,1.2236515146736457,0.04076574247526344,-0.09644062153163177,2.6073648851572853,0.08686391850355787,0.11855826859045505,1.1759011658451486,0.03917494771049279,0.0,0.026538013981343353,0.0008841094304998402,0.018407325194228483,4.072241348423306,0.13566602918905324
L:A:SER:121,0.0,7.199030061169271,0.23983446432751526,-0.003660377358490574,1.0672464806394246,0.03555513531888332,0.12661043285238655,7.466548089844108,0.24874678203698755,-0.11779023307436183,2.614717945631191,0.08710888446493636,0.0,0.08469338200108277,0.0028215456431940717,0.00515982241953413,10.749805214708374,0.3581279357619413
L:A:SER:123,0.0,7.364231336405959,0.24533811676624093,-0.008118756936736943,1.0404737777489614,0.03466320726721867,-0.08435516093229745,6.252098374787585,0.20828759595380333,0.11750277469478358,2.212547091717811,0.07371063074229686,0.0,0.14932873384330528,0.004974861416844572,0.02502885682574923,9.965986486551566,0.3320151479002346
L:A:GLY:138,0.0,3.0151425041128666,0.10044896065173262,-0.016489456159822422,0.8646690288913216,0.028806301904934755,0.038972253052164486,3.047692589723556,0.10153336122791058,0.02737291897891231,1.6896590068382302,0.056290702963864174,0.0,0.09765653168533012,0.0032534107742050533,0.04985571587125416,4.689525704019342,0.15623075270099882
L:A:SER:139,0.0,7.225023510424915,0.24070043167662775,-0.056369589345172035,1.0750053525397103,0.035813620819038126,0.11160710321864607,9.000129990551363,0.2998378027068968,0.014135405105438382,4.253684416626531,0.14171077420313274,-0.0014066450610432848,0.1964154310731695,0.006543546741273146,0.067966273917869,12.348738851349111,0.4113961384198827
L:A:PHE:140,0.0,4.52548212713027,0.1507656687861846,-0.3933729189789123,1.484081999675988,0.049441939870520174,0.31696337402885677,3.440634364747826,0.11462414975415576,-0.04957491675915648,2.5669131931943556,0.08551627725318989,-0.044510400000000006,0.18079627951089539,0.006023197358598134,-0.17049486170921171,6.414217281375936,0.21368855980429521
L:A:LEU:141,0.0,5.7382955915814655,0.1911703434582343,-0.136503884572697,1.2666518674267946,0.04219829192717816,0.07693340732519449,4.29059523509469,0.1429404518541472,0.08119311875693677,1.8885715615201941,0.06291744095423422,-0.018493715427302992,0.19023562791971235,0.006337667648344598,0.003128926082131325,7.519610552292529,0.2505145489651825
L:A:ASN:142,0.0,7.891719384605138,0.26291129154174236,-0.20237957824639288,1.369963620091454,0.045640105428237626,0.0033074361820199663,7.879018759960815,0.26248817238786826,0.27556936736958937,3.390904888550461,0.11296742069708252,-0.016389197780244173,0.1977997934705251,0.006589666539521496,0.060108027524972636,11.737645952533814,0.39103768223948016
L:A:GLY:143,0.0,3.185155297051267,0.10611290798585214,-0.4599256381798002,0.8660667557473044,0.02885286693785342,-1.3457580466148724,3.2056087221071556,0.10679431036926507,1.4655349611542732,2.3160688354703622,0.07715944006079982,-0.07855589966703662,0.09717340201274288,0.0032373153911824594,-0.41870462330743624,5.152167572167044,0.17164358799685023
L:A:SER:144,0.0,8.21261722995225,0.2736019487815009,-1.1056603773584905,1.5061241782961778,0.05017627130920929,-2.434134295227525,6.488594160007721,0.21616641288914668,1.8991331853496114,1.407083907860731,0.04687676151345777,-0.14060350188679246,0.07441619065470825,0.0024791627582212636,-1.7812649891231964,10.667838059918019,0.3553972139154482
L:A:CYS:145,0.0,5.285085548329311,0.17607172780756206,-1.6891864594894563,1.2482109282444462,0.04158393516898781,-1.6423240843507214,4.757357790163572,0.15849056713521953,1.4007491675915649,1.429055057150747,0.047608726622070614,-0.21130825305216425,0.06019135058865775,0.0020052646263343573,-2.1420696293007775,7.359920806179373,0.24519451218352953
L:A:GLY:146,0.0,2.440389557309446,0.08130116380326796,-0.07645172031076583,0.9515030345471167,0.03169916206177754,-0.0562019977802445,1.951969855449867,0.06502954435354019,0.15781465038845727,0.7085188345415037,0.023604184689377066,0.0,0.001538651586284522,5.125991638424875e-05,0.025160932297447,3.3426107818756132,0.11135851073197302
L:A:SER:147,0.0,6.55326202795164,0.21832081193120506,-0.05176359600443954,1.357386862663294,0.045221112889641396,-0.3254927857935623,6.800162593924477,0.22654626237093245,0.46438512763596007,1.5317849535117347,0.051031155679153464,0.0,0.026719560684532847,0.0008901576280958934,0.0871287458379584,9.663179222412339,0.3219271753022266
L:A:HIS:163,0.0,3.965498659295149,0.1321099146221734,-0.6441287458379578,1.565071766767344,0.052140100211749627,-0.19266259711431732,3.142816757425167,0.10470240672591077,0.25265482796892347,1.3365752795149433,0.04452777853018166,-0.020073751831298555,0.027541662535389658,0.0009175458116911259,-0.6042102668146503,5.462519422733616,0.18198290721086074
L:A:HIS:164,0.0,3.8628010841694636,0.12868856234155754,-1.2114051054384019,1.3864569121141448,0.0461895766519509,-0.12308768035516089,3.0764950879829653,0.10249291156769867,1.1171620421753607,1.7387333285307998,0.05792560565983402,-0.0573279103218646,0.0321082480412288,0.0010696808325609843,-0.2746586539400665,5.41595250521358,0.18043153825922348
L:A:MET:165,0.0,4.094048438741595,0.13639252870087484,-2.764421753607103,1.4120225032729687,0.04704128998120417,-1.5725826859045506,2.2648936850568155,0.07545454861264277,0.9108379578246393,0.7450428269734696,0.024820975296666183,-0.24775670677025524,0.06438872291767307,0.002145099372898677,-3.67392318845727,4.944089228036401,0.16471149328704934
L:A:GLU:166,0.0,4.255535232248635,0.14177243381137503,-3.72269589345172,1.4772687029926412,0.04921495604818988,0.24682352941176477,8.866498411040343,0.29538588932176785,3.771920088790233,8.912678952534188,0.2969243862216866,-0.5482860013318535,0.18328303330453968,0.006106043139063763,-0.2522382765815758,13.355752909812878,0.44494464081948343
L:A:LEU:167,0.0,4.7188799546926035,0.15720868457878484,-1.3734350721420645,1.5547961643893426,0.051797770262988416,0.42579245283018874,2.7434169378486706,0.09139646954177337,0.029207547169811315,1.4326744008082544,0.04772930444157405,-0.039629966703662596,0.037108003523767856,0.0012362468376664766,-0.9580650388457266,5.853673084237902,0.19501412503875099
L:A:PRO:168,0.0,3.439716244476869,0.1145935627331957,-2.3725116537180915,1.0547405115602382,0.035138501082115595,0.31086570477247527,1.365355679893964,0.04548659268283609,0.09123418423973362,1.336803336549381,0.04453537621156731,-0.5016814881243064,0.19205390473672057,0.0063982432318191685,-2.4720932528301884,4.078265487287126,0.13586672235259925
L:A:THR:169,0.0,5.0758439845814385,0.16910088063368986,-0.16612874583795778,1.0383050852162363,0.03459095764366414,0.04676803551609336,4.363960586534644,0.1453846060823271,0.0918756936736959,1.6375854467681208,0.05455588115051938,-0.0006761047724750281,0.17367658549845044,0.005786005961265198,-0.028161121420643538,6.971246033417729,0.23224587811326602
L:A:GLY:170,0.0,2.481957753765732,0.0826860012112861,-0.1118723640399556,0.7100585788312007,0.02365548100899,0.1488879023307436,2.2446264226729786,0.0747793482070449,-0.014331853496115422,1.5180123407201378,0.050572323422141546,-0.007823123640399556,0.12838576850250027,0.004277150081947621,0.014860561154273075,3.7447950045822167,0.12475720983368918
L:A:VAL:171,0.0,4.428421632164448,0.1475321148741024,-0.10407436182019975,1.260374178437108,0.04198915178423345,0.06463263041065474,3.1308573787841816,0.10430398205679851,-0.08307325194228637,1.393753571846707,0.046432663632206536,0.0,0.0931530105491047,0.0031033767321026044,-0.12251498335183142,5.740466501129523,0.19124266694127826
L:A:HIS:172,0.0,4.035222210581199,0.1344327428964848,-0.3140654827968923,1.4868465986227062,0.04953404201509142,-0.07304883462819095,3.918953686896782,0.13055927676853893,0.1910821309655938,2.5790892618069265,0.08592192091191865,-0.007188628634850167,0.05421593597414023,0.0018061947028820788,-0.20322081509433945,6.364477188640632,0.21203147705906286
L:A:PHE:181,0.0,4.486513837752086,0.1494674468410941,-0.10295227524972252,1.137454323418567,0.03789409768207022,-0.06247502774694769,3.4477076617313593,0.1148597954423472,0.1489578246392897,2.477424985000815,0.08253499278939909,-5.086348501664806e-05,0.05826978410013438,0.0019412479649884736,-0.016520341842397052,6.280949514126905,0.209248766762911
L:A:VAL:186,0.0,4.893519294608657,0.1630267645400282,-0.28878468368479465,1.4754422517406216,0.04915410813480065,-0.27239622641509437,4.061293001010044,0.13530128685365245,0.4019112097669257,0.9587924970147559,0.031942009266374125,-0.003125215538290788,0.14753328300992913,0.004915046277139595,-0.16239491587125407,6.5998947633207985,0.2198743735933121
L:A:ASP:187,0.0,4.3344814320444955,0.14440251305508608,-0.4293096559378468,1.9595649517663813,0.06528257369792541,0.2813085460599333,9.41837098145528,0.3137714303151913,-0.3776958934517203,8.747679458195945,0.29142745607933684,-0.013811102330743617,0.040047703345497745,0.0013341824381623254,-0.5395081056603777,13.706087543538278,0.4566159796666587
L:A:ARG:188,0.0,6.462538991564708,0.2152983893757849,-0.9715238623751387,1.5934026243836035,0.05308393792358036,0.37746836847946724,10.684267355393112,0.3559445531050428,0.4063418423973363,8.397092379297241,0.27974770706406993,-0.03689617225305216,0.12455505060529422,0.004149530365533071,-0.2246098237513879,15.132203588687565,0.504126793602849
L:A:GLN:189,0.0,4.131656289554935,0.13764542786613568,-2.9883740288568252,1.7615604147418689,0.05868608616166159,-1.2283396226415095,3.6924130028214677,0.12301211233778406,2.387078801331853,2.94473295106605,0.09810327834522196,-0.4363242432852386,0.1885056501131247,0.006280033731411898,-2.2659590934517206,6.520320475745667,0.21722336971186346
L:A:THR:190,0.0,7.850322899757293,0.26153217467680845,-1.3292907880133185,1.3594005313662094,0.04528819792062381,-1.0180810210876803,6.442647903544134,0.21463572115523702,1.7329411764705884,2.6163841439393645,0.08716439357870709,-0.11578126614872364,0.12422298158143619,0.004138467542377723,-0.7302118987791343,10.575639402985733,0.35232563131207184
L:A:ALA:191,0.0,3.3283887123269764,0.11088470489940341,-1.4565205327413981,0.9015256352768111,0.030034173489618517,-0.3756659267480581,2.383084470444185,0.0793920545628852,0.3096082130965594,1.1367270074765623,0.037869867274936846,-0.2763495049944506,0.1418071946736168,0.004724282616318259,-1.798927751387348,4.345373292902113,0.1447653735504751
L:A:GLN:192,0.0,4.384120233129878,0.14605622128619733,-1.3838324084350722,1.4258163417637981,0.047500829368782575,-1.270971143174251,3.5137537109427437,0.11706010835936097,1.652083240843507,1.7139648645842684,0.0571004484883321,-0.09399199644839067,0.06941251197966047,0.002312466052623373,-1.0967123072142069,6.045032775262024,0.20138924065858976
R:B:TRP:1,0.0,5.005005508762145,0.16674090883783124,-0.8985194228634851,1.852925782016392,0.061729907861554995,-30.266071032186456,18.558841283378552,0.6182846466702389,32.034095449500555,16.542980026458107,0.551126571123381,-0.1688520745837958,0.18959681723695865,0.006316385778897862,0.7006529198668147,25.428726648948327,0.8471537113418834
R:B:TRP:2,0.0,4.5143678866194605,0.15039539975040228,-5.621028856825749,2.5194755303363934,0.08393589956844374,-2.230041065482797,3.6529460856761875,0.12169727869328344,4.057754716981131,2.248488572867289,0.07490801508510131,-0.7840988430632629,0.4369732650470829,0.014557690141245304,-4.577414048390677,6.731859770170689,0.22427076539316518
R:B:THR:3,0.0,6.300319356161485,0.20989406976192604,-0.7724827968923418,1.6682676261093787,0.05557805274644075,-0.185865704772475,7.854690225307903,0.26167767138609765,0.8233995560488345,2.410129371070645,0.08029305083591427,-0.07411586503884572,0.12253087297414172,0.004082095231390522,-0.20906481065482796,10.48794721561967,0.34940418097724274
R:B:TRP:4,0.0,5.042563569229196,0.1679921492461582,-8.495672586015537,2.3380363399855377,0.07789128374435761,-2.4574295227524976,3.3547515426539793,0.11176297811619937,4.852611542730299,2.19542118542579,0.07314008408159811,-1.311017082352941,0.3411701661948363,0.011366026167222027,-7.4115076483906766,6.861813933171572,0.22860016627156424
R:B:THR:5,0.0,4.793305232488035,0.1596881500735566,-0.9170166481687014,1.336740909576157,0.04453329646755241,-0.17033962264150937,4.424758203048862,0.14741006835504733,1.4892031076581576,1.6189991518703062,0.05393668189134493,-0.035495152941176465,0.09393413907598651,0.0031293998963655427,0.36635168390677025,6.853547865362916,0.2283247836258274
R:B:PRO:6,0.0,3.439677031681722,0.1145922563655824,-2.871762486126526,1.252183583373425,0.04171628350018256,-1.0091276359600445,1.5570178536151182,0.051871785462374816,2.8791376248612655,1.3564736424847783,0.04519068911442913,-0.6262701043285238,0.22527820633450032,0.00750510519914718,-1.6280226015538293,4.208849892575184,0.14021711964580097
R:B:PHE:7,0.0,4.24799818580956,0.14152133838880174,-2.5765305216426193,1.4729684583245228,0.0490716941271127,-3.4424761376248605,2.041040383252665,0.06799691386602191,4.794078801331854,1.8221904977203935,0.06070596708308192,-0.36100729678135407,0.20715886292374333,0.006901462349490935,-1.5859351547169802,5.267282365356805,0.1754786177892324
R:B:HIS:8,0.0,4.536643135941352,0.1511374958999508,-5.609229744728079,1.8015801421200064,0.06001933658522071,-2.541519422863485,3.3512589573348808,0.11164662322922059,4.0445027746947835,2.2406446165713163,0.07464669501274875,-0.6341808346281909,0.1510674220644451,0.0050327855197593325,-4.740427227524973,6.332540423421031,0.21096750914759224
R:B:LEU:9,0.0,6.543350601018402,0.21799061442556103,-1.5817425083240844,1.5488979192044376,0.05160127122598283,-3.265311875693674,5.846566133850292,0.19477735819311598,3.007257491675915,1.7951034150856304,0.05980356552360734,-0.15083057047724752,0.1328964300631438,0.004427422006077348,-1.99062746281909,9.09048486833483,0.3028479601209438
R:B:LEU:10,0.0,5.123835075128798,0.17069969566795432,-3.0305083240843507,2.318245521196058,0.07723195597622118,-1.2052197558268594,3.1704118093985647,0.10562173119766537,0.8422419533851276,1.3386045179078554,0.04459538226274307,-0.4308792932297447,0.2927642104184832,0.009753389968284218,-3.8243654197558272,6.599775159284206,0.21987038900513792

Sidechain Energy Decomposition:
Residue,Internal,,,van der Waals,,,Electrostatic,,,Polar Solvation,,,Non-Polar Solv.,,,TOTAL,,
,Avg.,Std. Dev.,Std. Err. of Mean,Avg.,Std. Dev.,Std. Err. of Mean,Avg.,Std. Dev.,Std. Err. of Mean,Avg.,Std. Dev.,Std. Err. of Mean,Avg.,Std. Dev.,Std. Err. of Mean,Avg.,Std. Dev.,Std. Err. of Mean
L:A:GLN:19,0.0,2.969183452012421,0.09891784263335328,-0.033639289678135405,1.0626242098037924,0.03540114515070496,-0.5350998890122086,3.334708827608281,0.11109525846705078,0.641214206437292,2.2974062886111195,0.07653770048047548,-2.846437291897891e-05,0.07501412800264073,0.0024990829394573883,0.07244656337402913,5.133147798597275,0.17100994746931014
L:A:VAL:20,0.0,2.755591701693655,0.0918020697323915,-0.007752497225305192,0.6841094785632202,0.022790991138872514,-0.2035715871254162,1.1026734697825684,0.03673537944784068,0.23289456159822422,0.5098217248128667,0.016984624211051586,0.0,0.0014657954620643377,4.8832726974445285e-05,0.02157047724750277,3.088219636896444,0.10288351292430548
L:A:THR:25,0.0,3.021472798617273,0.10065985333846951,-0.36167147613762485,0.8130312816686909,0.027085999122616913,-0.18545726970033297,2.8005251991787263,0.09329902157286533,0.38623640399556053,1.5945648867588567,0.053122658497297706,-0.12191365238623751,0.08852996629640388,0.0029493607976659015,-0.28280599422863506,4.492631062307219,0.14967124113864327
L:A:THR:26,0.0,2.982032331070806,0.09934590085786309,-0.06626415094339623,0.9471156771380297,0.03155299799452389,-0.2001997780244173,2.6528690468121767,0.08837988192396913,0.2841764705882353,0.9864930528495097,0.03286484858135867,-0.0008180750277469482,0.0662003631261968,0.0022054538588882665,0.016894466592674733,4.219574639743294,0.1405744127769945
L:A:LEU:27,0.0,3.220802006963354,0.10730047207492542,-0.7050632630410654,0.9822988453510205,0.03272511927058605,-0.26823307436182015,0.8199274026677887,0.02731574222296559,0.32464927857935627,0.46048753000864723,0.0153410638864851,-0.09098878135405106,0.04258364804922822,0.0014186670054464649,-0.7396358401775806,3.4963723582675383,0.11648105154577287
L:A:ASN:28,0.0,4.481721650122139,0.14930779592375942,-0.07759600443951166,1.302286856747254,0.04338546554673116,-0.23481354051054384,5.947606045505249,0.19814348569662166,0.34661598224195345,1.913598161249436,0.06375119787551412,-0.005312137624861265,0.05584028875541281,0.0018603097400280892,0.028894299667036504,7.7987674500235125,0.2598146136213602
L:A:PRO:39,0.0,2.3079957777539253,0.07689048751351843,-0.04684239733629301,0.8129079491173613,0.02708189031960721,-0.6224938956714761,1.1416617890090395,0.03803426868392648,0.6607203107658157,1.0306698606131344,0.034336591432223736,0.0,0.008319958299214399,0.0002771779982809593,-0.008615982241953452,2.8902257814284784,0.09628738124228464
L:A:ARG:40,0.0,4.856241994127313,0.16178487760296117,-0.020056603773584918,1.5907662892617989,0.0529961088665611,-0.4642408435072143,8.44002041716662,0.2811778473579085,0.4901742508324084,7.002931246916122,0.2333014656218499,0.0,0.06533708548870293,0.002176693910951525,0.005876803551609309,12.099292678439559,0.4030858815172196
L:A:HIS:41,0.0,2.8369400292416755,0.09451217545436286,-0.7004672586015539,0.9129634953304172,0.03041522385552908,-0.5327458379578247,2.0415812804456306,0.06801493376417887,0.9931254162042176,1.575512543224703,0.052487932906923475,-0.10568614694783574,0.05684683634508939,0.001893842702099236,-0.3457738273029967,3.941478978079996,0.13130970302024847
L:A:CYS:44,0.0,2.270659571477121,0.07564663813987592,-0.032066592674805786,0.6912321794808403,0.023028282710740883,0.019169811320754716,2.6041183936784433,0.08675576219108855,-0.016312985571587127,0.8167161967171406,0.02720876144187771,0.0,0.020017883847677706,0.0006668924020020587,-0.02920976692563819,3.6169815434196986,0.12049912607361396
L:A:SER:46,0.0,3.317549342164623,0.11052359312261588,-0.3752508324084351,0.750410483328075,0.024999797856867005,-0.5082375138734739,5.337068985535684,0.17780354719300137,0.8592885682574918,2.6900571281431684,0.08961879654018867,-0.16093883507214207,0.1550349199157051,0.0051649620371224175,-0.18513861309655938,6.878517141551633,0.22915663082308635
L:A:ASP:48,0.0,2.623301747674011,0.0873948523727435,-0.015301886792452831,1.345977078159909,0.04484099785592014,-0.257007769145394,13.785418351992412,0.45925887208252614,0.29950166481687013,12.206443514325507,0.4066555934240453,0.0,0.1447871685129966,0.004823559938874901,0.027192008879023236,18.64803882681275,0.6212562476869177
L:A:MET:49,0.0,2.8853639678267076,0.09612541074751892,-0.9176104328523863,0.9603322378779404,0.03199330547183338,-0.14182130965593787,1.2646714098845344,0.042132313320374815,0.1753407325194229,0.8937385319613821,0.029774747464660984,-0.12658102641509433,0.07947320165185155,0.0026476362210756782,-1.0106720364039954,3.413508687877175,0.1137204624342646
L:A:LEU:50,0.0,3.729423538799495,0.124245112060711,-0.08695338512763597,0.8592220821398993,0.0286248377986249,0.06999001109877913,2.1897927224088694,0.07295257279171873,-0.047153163152053285,0.7567572865486858,0.02521124052868162,-0.0011461984461709211,0.15143694588582263,0.005045096143135441,-0.06526273562708107,4.4763455434793205,0.1491286918436414
L:A:PRO:52,0.0,2.3665477410892497,0.07884113623182243,-0.03024195338512764,1.038449414071828,0.034595765934985846,0.011570477247502797,1.6349376290347857,0.05446766955224635,0.019231964483906797,1.4949527522892065,0.04980409714833056,0.0,0.10843381161475692,0.003612454025423529,0.0005604883462819523,3.4056699884682042,0.11345931749421007
L:A:TYR:54,0.0,3.4850384320066827,0.11610346371652323,-0.04633185349611542,1.0844905271629415,0.036129617801338006,0.005274139844617109,2.302761880628078,0.07671612111931572,0.02274361820199778,1.0197834615555872,0.033973912895776795,-2.169589345172031e-05,0.0513382767841055,0.00171032597549868,-0.018335791342952202,4.434739990356704,0.1477426099046264
L:A:CYS:117,0.0,3.2023979265227775,0.1066873432594598,-0.005845726970033294,0.7324850447773272,0.02440261491470325,0.0008390677025527175,2.849866371916379,0.09494281436609951,-0.0051598224195338535,0.5588792734602626,0.018618968115868984,0.0,0.004605902219868377,0.0001534448505230477,-0.01016648168701445,4.384745421918857,0.1460770493445655
L:A:TYR:118,0.0,3.491839369195466,0.11633003578439038,-0.08874472807991121,1.2792231070403284,0.04261710064071686,-0.07066370699223083,1.5155114703212476,0.05048900734936869,0.14464816870144281,1.11779027898954,0.03723899338023012,-0.016274037735849057,0.25110408575941884,0.008365489987796931,-0.031034304106548265,4.175959449541285,0.13912138011985034
L:A:ASN:119,0.0,5.054317696589171,0.1683837360036886,-0.006372918978912312,0.6081405466990244,0.020260099070861952,0.03405216426193119,4.813838049716697,0.16037219739372727,-0.0017136514983351965,1.9787968831846598,0.06592328222817109,0.0,0.0981638940115023,0.003270313463967916,0.02596559378468289,7.281090050705521,0.24256827894780753
L:A:GLY:120,0.0,0.3323999629455148,0.011073848334865147,-9.655937846836836e-05,0.2442531944040178,0.008137253705349496,-0.11717092119866815,0.6083670138714454,0.020267643786264423,0.12112985571587125,0.49867740690523404,0.01661335315190025,0.0,0.013577341714725934,0.00045232683423661514,0.003862375138734734,0.8883261125709256,0.029594433631520086
L:A:SER:121,0.0,3.6960014717600465,0.12313166157126791,-0.0008823529411764685,0.44902795866662554,0.014959290212686837,-0.10570366259711432,4.259774768325773,0.14191367323605003,0.11386792452830188,2.1680322987289746,0.07222762797103274,0.0,0.08136527444780928,0.0027106703050608035,0.007281908990011115,6.059267152057222,0.20186345650498919
L:A:SER:123,0.0,3.475745545900672,0.11579387279353025,-0.004556048834628189,0.6815535892624963,0.02270584212072548,-0.1727968923418424,3.0033104885789306,0.10005477906290959,0.18899445061043285,1.413731629624149,0.04709822923543987,0.0,0.08926981976406889,0.00297400889033819,0.011641509433962277,4.855080072152635,0.1617461683696312
L:A:GLY:138,0.0,0.37967326401914864,0.012648750334669664,-0.0004994450610432854,0.21971008101312323,0.007319604049351447,-0.17589123196448392,0.8134357923739997,0.02709947532809156,0.17741287458379576,0.6371783445348871,0.021227488376093392,0.0,0.027838405351112955,0.0009274317482197026,0.0010221975582686011,1.1228861540608543,0.0374087615931177
L:A:SER:139,0.0,3.7217022440680774,0.12398787843755765,-0.019177580466148727,0.76037540277495,0.025331777456521563,-0.08128079911209768,4.416097859620234,0.14712155048396625,0.11668368479467257,2.3828138769070524,0.07938303978513357,-0.0006925345172031075,0.18705185119104092,0.006231600667130284,0.015532770699223068,6.296344099507568,0.2097616347613696
L:A:PHE:140,0.0,3.2778250760711707,0.10920018594159636,-0.26441509433962257,1.0607348911832788,0.035338202821607184,-0.05778801331853496,0.9091849140786293,0.030289341062605536,0.07625860155382909,0.8048010589045989,0.02681181064845439,-0.02256904328523862,0.14350976590218503,0.004781003487756985,-0.2685135493895672,3.6557096088182393,0.12178934499760487
L:A:LEU:141,0.0,3.473187825411513,0.11570866276965137,-0.03507214206437292,0.8185731347474744,0.02727062501711081,-0.19629078801331853,1.889614402833596,0.06295218303554978,0.20595560488346282,0.5050090965397007,0.016824292317158266,-0.0028122113207547164,0.181851527065832,0.006058352751744254,-0.02821953651498342,4.07330853292471,0.1357015822595444
L:A:ASN:142,0.0,3.630359380017259,0.12094480642874166,-0.03885127635960044,0.8543428549846794,0.02846228717428227,-0.024015538290787994,4.744985571620615,0.15807838877485983,0.09817314095449502,3.0132590061493447,0.10038621223683436,-0.0016980173140954498,0.17884913786984966,0.005958328665387795,0.03360830899001142,6.748037927359879,0.22480973795339998
L:A:GLY:143,0.0,0.3463296446081238,0.011537913314649663,-0.026650388457269702,0.19822121991122527,0.006603706289848968,-0.7089456159822419,0.6735891862057714,0.02244050938498638,0.7108457269700332,0.4922058611775355,0.01639775470463922,-0.01976462330743618,0.04690745469250818,0.001562713889726091,-0.04451490077691456,0.9259725620201097,0.03084861870378126
L:A:SER:144,0.0,4.695454011417093,0.1564282532555218,-0.5930765815760267,0.797851963242783,0.02658030270621063,-0.9750432852386236,4.904033087596302,0.1633770297685127,0.8200088790233074,1.1323308385131243,0.03772340965224591,-0.10764581753607103,0.07314099398064247,0.0024366797975115366,-0.855756805327414,6.929712792437423,0.23086220524099585
L:A:CYS:145,0.0,2.3903763833872818,0.07963498340465563,-1.0843806881243063,0.6895974378193939,0.022973821569815575,-0.5530532741398446,1.9144062458802966,0.06377811907780484,0.6970255271920088,0.8194495762295229,0.0272998235162941,-0.16260845993340733,0.05442881186332553,0.0018132866269909092,-1.1030168950055494,3.244819757445985,0.10810061935482417
L:A:GLY:146,0.0,0.3286303600143203,0.010948264653167944,-0.002445061043285239,0.2957325997036954,0.009852281353385445,-0.34622197558268586,0.5290434032866027,0.017624991166190464,0.37433407325194223,0.4165890427584509,0.013878593236275162,0.0,0.0,0.0,0.025667036625971154,0.8055364902710002,0.026836311419573808
L:A:SER:147,0.0,3.299979427811039,0.10993825440872423,-0.023691453940066592,1.1099139027150566,0.036976593241797334,-0.4395027746947836,3.4877735360213373,0.11619458324244006,0.5455627081021088,1.3628674162026333,0.045403696600385374,0.0,0.02601996605659739,0.0008668507518345577,0.0823684794672586,5.113161640977865,0.17034411202121677
L:A:HIS:163,0.0,2.8754735239354785,0.09579591228835718,-0.5771798002219757,1.1592726964974902,0.03862097307714692,-0.3674162042175361,2.2231123987816566,0.07406261215348459,0.45806992230854604,1.1305739762420275,0.03766488008394219,-0.02007364794672586,0.027553307140141117,0.0009179337497215469,-0.5065997300776915,3.9791263626335467,0.13256391924535285
L:A:HIS:164,0.0,2.852264785076109,0.09502271709334364,-0.5156814650388457,0.919709279099725,0.030639958496589657,-0.3496004439511654,1.8693385897182069,0.0622766977637819,0.8787924528301886,1.0252161926263432,0.03415490340909861,-0.023044626859045507,0.01836266217579216,0.0006117489730058077,-0.009534083018868007,3.677922206116177,0.12252935390561162
L:A:MET:165,0.0,2.965375203489383,0.09879097148032458,-1.718573806881243,0.9636082797580583,0.03210244625090452,-0.34060932297447283,1.0370050831084574,0.03454764829414141,0.4915405105438402,0.6150660591891517,0.02049082134374456,-0.2079948625971143,0.05894170350947615,0.0019636328460407096,-1.77563748190899,3.343523730775637,0.1113889254695884
L:A:GLU:166,0.0,2.8427302339635463,0.0947050751416842,-2.2142774694783576,1.0614797947114871,0.035363019156189134,1.7635815760266371,7.987267285882496,0.26609445365188245,1.502221975582686,8.374798620065116,0.27900499426000436,-0.3819817997780244,0.17012347019125595,0.005667634528009025,0.6695442823529417,11.965387045789802,0.3986248380982989
L:A:LEU:167,0.0,3.3563022507563485,0.11181463969337017,-0.4896048834628191,1.0040106714593484,0.03344844507142556,0.044891231964483955,0.8978365861430081,0.029911273444006008,-0.047984461709211994,0.4784806427067129,0.01594050138137789,-0.019978945172031075,0.03264660163818772,0.0010876159912488012,-0.5126770583795781,3.648139565353396,0.12153715028471992
L:A:PRO:168,0.0,2.2832757608766183,0.07606694434790298,-1.6335360710321865,0.7921799684730639,0.026391341163377026,0.717449500554939,1.4394489888071533,0.047954998690653436,-0.6791553829078801,1.3946515013510479,0.046462578001204534,-0.42314056381798,0.1681795485601896,0.005602873108884496,-2.018382517203108,3.1442404273225133,0.10474983604684819
L:A:THR:169,0.0,3.07440975306836,0.1024234389890404,-0.054690344062153166,0.6553867390565985,0.021834097948393114,0.06890344062153163,2.624726315928515,0.0874423116222971,-0.046753607103218645,1.1271874509281923,0.03755205856803324,-0.0004622623751387346,0.16600756218773385,0.005530513751618528,-0.033002772918978976,4.2507440997141055,0.14161281804436512
L:A:GLY:170,0.0,0.3149108275006209,0.010491200756602885,-0.003965593784683684,0.1305928612033254,0.004350679000583306,-0.0472186459489456,0.7091974311102843,0.023626792018862443,0.06038512763596004,0.6872192464669437,0.022894592528647967,-0.0010578406215316315,0.02240716261533259,0.0007464908185249288,0.008143047280799143,1.0449673174883927,0.034812908780781436
L:A:VAL:171,0.0,2.815200296111719,0.09378791993583549,-0.02693673695893452,0.8030640307947109,0.026753941851864152,-0.08444062153163151,1.256340013289428,0.04185475425720806,0.10555049944506106,0.7941247535993486,0.026456131349698164,0.0,0.08993460290990739,0.002996156027983319,-0.0058268590455049256,3.2844142751570833,0.1094197039905126
L:A:HIS:172,0.0,2.899220597959786,0.09658704202799888,-0.25466481687014425,1.196180045623893,0.03985053514762974,0.18786681465038846,3.0003823676994292,0.09995722921290837,-0.06316426193118754,2.4398934771410192,0.08128463697667505,-0.007188652608213097,0.054180991241557494,0.0018050305250485602,-0.1371509167591565,4.979421340797736,0.16588857662545364
L:A:PHE:181,0.0,3.3338391650732824,0.11106628580733761,-0.09744950055493898,0.8186257790916672,0.027272378854500304,-0.02132852386237514,0.5350097803069246,0.017823760003726402,0.09820754716981134,0.4173859539284824,0.013905142196615256,-5.083152053274134e-05,0.04182676253660518,0.0013934514930878847,-0.020621308768035567,3.499546788142017,0.11658680713812655
L:A:VAL:186,0.0,2.965805438397936,0.09880530468326318,-0.054944506104328536,0.8130116306786356,0.027085344453219317,0.052719200887902315,1.7479092548222914,0.05823130008646227,-0.08177691453940067,0.9392770704252229,0.03129185614262632,0.0,0.14859293745549265,0.004950348485098805,-0.0840022197558269,3.6628537848556237,0.12202735200944241
L:A:ASP:187,0.0,2.76228055212984,0.09202490764912451,-0.12148279689234183,1.5517759498620733,0.05169715232874629,0.32351387347391786,7.935151177165052,0.26435821433757506,-0.27354051054384004,7.499058137723706,0.24982984876295133,-0.0011756137624861266,0.037569311438998304,0.0012516152325473514,-0.07268504772475007,11.368470040327816,0.3787386493983579
L:A:ARG:188,0.0,5.30759508145404,0.17682162908222834,-0.11033851276359598,1.1832701145422189,0.03942044298532871,0.5662930077691453,10.721373748758841,0.35718074630056756,-0.35829855715871256,8.594495384059854,0.2863241546551491,0.0,0.1248490304756785,0.004159324255006737,0.0976559378468365,14.778345203718038,0.49233806158119353
L:A:GLN:189,0.0,3.119097286237666,0.10391219657009122,-1.9245283018867925,1.2166332376030824,0.040531929766132,-1.0529356270810213,3.3792732108109385,0.11257991332786955,2.0498246392896786,2.770372293256158,0.09229448263103425,-0.3608423520532741,0.16893267756830638,0.0056279634739331815,-1.2884816417314096,5.507445200994013,0.18347960188667506
L:A:THR:190,0.0,4.148440087522006,0.13820457724606755,-0.1998046614872364,0.8985926672455753,0.02993646215758014,0.006365149833518323,4.135234197325574,0.13776462525610256,0.12904994450610432,1.7373757451347729,0.057880377999468734,-5.7384239733629214e-05,0.12038948316869885,0.00401075519356029,-0.06444695138734743,6.176581086293471,0.20577175030799272
L:A:ALA:191,0.0,1.3166276956760876,0.04386322816103886,-0.5076681465038846,0.39155378750753367,0.013044547957760085,0.03325638179800222,0.3874121427391619,0.012906569765417885,0.0007980022197558272,0.07833999565042338,0.0026098836555194915,-0.1866367538290788,0.10258550485882667,0.0034176186787013203,-0.6602505163152054,1.4330289482771157,0.04774111613030858
L:A:GLN:192,0.0,3.0063077253033907,0.10015463149555201,-0.7781132075471698,1.1299954239957,0.03764560571407508,0.3496481687014429,2.114733349545702,0.07045198252741398,-0.1851465038845727,1.160226061755765,0.038652734278876034,-0.03749700066592675,0.0494023082377681,0.0016458295120417217,-0.6511085433962267,4.0168940787114815,0.13382214429476375
R:B:TRP:1,0.0,3.910142751173529,0.1302657419407281,-0.7673518312985572,1.154583158780349,0.03846474192423081,-1.3110843507214207,1.702468870954846,0.05671746141221239,1.8524195338512763,1.321079118464567,0.04401152655553074,-0.16403136692563816,0.19851181160345288,0.0066133873027425455,-0.39004801509433956,4.615770340718174,0.15377360529387382
R:B:TRP:2,0.0,3.698547975400627,0.12321649790774064,-5.012260821309655,2.401807418096416,0.08001580638537384,-2.327751387347392,1.811849359595695,0.06036145382204533,3.5258557158712547,1.499990445029379,0.0499719270267336,-0.7353552905660377,0.42752791882703484,0.01424302003543591,-4.549511783351832,5.016321915346581,0.16711791300203524
R:B:THR:3,0.0,3.8662911236133457,0.12880483241313567,-0.32363263041065476,1.1433489368650378,0.038090475728326426,-2.107984461709212,5.1865538356079135,0.17278916052571758,2.3389267480577134,1.6834635304411492,0.0560843017194851,-0.0583113935627081,0.11455499376125439,0.00381638016945715,-0.1510017376248611,6.782548697837852,0.22595945841307122
R:B:TRP:4,0.0,3.9867160667187487,0.13281676894846733,-7.752409544950055,2.0409308259284265,0.06799326398236416,-2.476266370699223,2.014780577444264,0.06712207289357297,4.452056603773585,1.5063437205499448,0.05018358532212243,-1.209037728745838,0.30657057893126644,0.010213346791416836,-6.985657040621532,5.1460374398571425,0.17143936367964224
R:B:THR:5,0.0,2.7297996121764463,0.09094281064878067,-0.24076803551609324,1.09885762094148,0.03660825509150641,-2.0016903440621534,3.0153909270640025,0.1004572368201756,2.1000788013318537,1.3163388481938822,0.04385360525620606,-0.007332732519422863,0.0957636442157773,0.003190349549507412,-0.14971231076581587,4.415177807923214,0.14709089911787476
R:B:PRO:6,0.0,2.3406861535070065,0.07797956183197349,-1.3096958934517204,0.7567581047043284,0.025211267785397954,-6.99918091009989,1.6254637349388752,0.0541520483787991,7.367189789123196,1.666484838052787,0.055518659464994624,-0.3810355231964484,0.17772237301595278,0.005920790685568117,-1.3227225376248612,3.391516446840085,0.11298779465767869
R:B:PHE:7,0.0,3.213386317654593,0.10705341964454607,-0.9997524972253052,1.007924475592034,0.03357883279166978,-0.7778901220865704,0.8524759626734989,0.028400091973872672,1.0404150943396224,0.7224333268897863,0.02406774363973345,-0.13086992497225303,0.18343227401703802,0.006111015068064444,-0.8680974499445062,3.5530319380601463,0.11836865582761624
R:B:HIS:8,0.0,2.9191502052338834,0.09725099351093859,-3.673943396226415,1.242959330762938,0.04140897909044122,-3.7578435072142065,1.870003083768014,0.06229883527024181,4.331726970033297,1.789515140324897,0.05961739309866017,-0.41773798268590456,0.10604721801580039,0.0035329450648399906,-3.517797916093229,4.095962377982796,0.13645629126177106
R:B:LEU:9,0.0,3.610753142041687,0.12029162793908478,-0.7375693673695893,0.8515037011785546,0.02836770124722687,-3.3147280799112093,1.798442806074934,0.05991481676749639,3.34761820199778,0.8979668195548334,0.029915612148011583,-0.11887120088790233,0.1351085598578862,0.004501118734641753,-0.8235504461709211,4.221562751467242,0.14064064638156135
R:B:LEU:10,0.0,3.339371682013565,0.11125060066996233,-2.5786514983351827,1.8017351731850462,0.0600245014188333,-3.6907913429522754,1.5506743562691483,0.05166045292521263,3.555759156492786,0.8343841566928174,0.027797366529024436,-0.3888675729189789,0.2661493143291946,0.008866719223410252,-3.1025512577136514,4.191572044302099,0.13964151106379782

Backbone Energy Decomposition:
Residue,Internal,,,van der Waals,,,Electrostatic,,,Polar Solvation,,,Non-Polar Solv.,,,TOTAL,,
,Avg.,Std. Dev.,Std. Err. of Mean,Avg.,Std. Dev.,Std. Err. of Mean,Avg.,Std. Dev.,Std. Err. of Mean,Avg.,Std. Dev.,Std. Err. of Mean,Avg.,Std. Dev.,Std. Err. of Mean,Avg.,Std. Dev.,Std. Err. of Mean
L:A:GLN:19,0.0,2.899919077845179,0.09661031176680167,-0.00765704772475027,0.8893801771311781,0.02962954961339914,-0.09017203107658156,2.2509816940201364,0.07499107299305781,0.13239733629300776,0.5804268992360331,0.0193368236105052,0.0,0.00454023735848072,0.00015125723681366814,0.034568257491676,3.821565431004696,0.12731480355684135
L:A:VAL:20,0.0,2.980550967174199,0.09929654947113487,-0.015430632630410642,1.0495426810109074,0.03496533623978662,0.34702441731409567,2.3089382288258493,0.07692188511098215,-0.3886814650388457,0.8260013586868633,0.027518095036581574,0.0,0.0004648164330518952,1.5485280556464455e-05,-0.05708768035516069,3.999837260730357,0.1332538992994136
L:A:THR:25,0.0,3.076175076777901,0.10248225044872941,-0.14101886792452833,0.8336124707957435,0.027771657944370497,0.10988124306326302,2.4853428928141224,0.0827987765439971,0.05253052164261932,0.7263882682392587,0.024199501839371165,-0.017588193562708104,0.020094159957195882,0.0006694335276414628,0.003804703218645762,4.1064261640528,0.13680489051828387
L:A:THR:26,0.0,2.999401917870876,0.09992456569331849,-0.3760554938956715,0.7371850130541276,0.024559193559943644,0.6620399556048835,2.5160997593879144,0.0838234363323909,-0.1333906770255272,1.0753336239446363,0.03582455712516346,-0.07242497580466149,0.046017772616436546,0.0015330742824007434,0.08016880887902332,4.126629574576994,0.13747796371001772
L:A:LEU:27,0.0,2.9921905025198985,0.09968431861516364,-0.14513096559378466,0.9815241656844257,0.03269931094900876,-0.3442008879023304,2.3801808464654894,0.07929532082297554,0.34507214206437287,0.812348467669094,0.027063251290139874,-0.0037393651498335186,0.016824053135593153,0.0005604904740371749,-0.1479990765815758,4.030142383931639,0.1342635093340435
L:A:ASN:28,0.0,4.447408195231687,0.14816464899938875,-0.04614317425083241,0.675191276696136,0.022493882757690202,-0.14311209766925595,4.438553182988611,0.14786964576980272,0.2215604883462819,0.6737807682988122,0.022446891909891648,-1.254605993340732e-05,0.002084302947249089,6.943819884099144e-05,0.03229267036626002,6.355317627106214,0.21172632782153836
L:A:PRO:39,0.0,2.438063828610395,0.08122368254649191,-0.022736958934517208,0.5342611179282152,0.017798818443678133,0.5318923418423972,2.114070880947527,0.07042991249853132,-0.5562963374028856,1.1422539001054104,0.03805399476458094,0.0,0.0028887225725770147,9.623730209459394e-05,-0.04714095449500575,3.4646267015657912,0.11542345038213055
L:A:ARG:40,0.0,2.5360712260483655,0.08448878235368062,-0.018160932297447287,0.8565099992071514,0.028534485216143567,-0.01350943396226391,1.967111242443979,0.0655339770907357,0.0004039955604883475,0.6947610525421244,0.023145846517690097,0.0,0.0005113392024490657,1.7035178720883384e-05,-0.03126637069922287,3.393742250684193,0.11306194693487631
L:A:HIS:41,0.0,2.5913384739691416,0.08633000133558642,-0.07574139844617092,0.7838463792816491,0.026113709054236493,-0.16820976692563852,2.220897863861751,0.07398883529858367,0.268542730299667,1.112477191991272,0.03706198878887159,-0.00032636537180910093,0.008460457719612308,0.00028185871261929974,0.024265199556048923,3.6741685640069597,0.12240430195598896
L:A:CYS:44,0.0,3.4267111465205953,0.11416030010262358,-0.06086015538290788,0.8577298728741619,0.02857512510026529,-0.07511209766925629,4.107952563074786,0.1368557422425686,0.20166703662597119,1.5286439976033117,0.05092651526629615,-0.001637876137624861,0.03142577995156592,0.0010469445240146723,0.06405690743618218,5.629481692663732,0.18754522688883854
L:A:SER:46,0.0,4.096862446196186,0.13648627688149792,-0.2765793562708102,0.8332770875440458,0.027760484708277317,-0.1017447280799113,4.2837618070333185,0.14271279735837564,0.2151875693673696,2.1688323874463555,0.07225428279082334,-0.013476649944506106,0.05937291469904092,0.001977998573615474,-0.17661316492785786,6.366836490354686,0.21211007679513416
L:A:ASP:48,0.0,3.265540718412726,0.10879093465168825,-0.03010987791342952,0.8840946938575281,0.02945346463544004,-0.041487236403995785,3.0825979298914863,0.10269622670981768,0.0818390677025527,1.4713059627812795,0.049016308370327034,0.0,0.030975028180395468,0.0010319278052810677,0.010241953385127508,4.807649144558735,0.16016601506906386
L:A:MET:49,0.0,2.500600062964766,0.08330706657739625,-0.13352497225305215,0.9569122084778496,0.03187936777297872,0.07973584905660358,2.159273383394422,0.07193582619364007,-0.03679800221975583,0.8430382026086576,0.02808567459953611,0.0,0.004412305165178722,0.00014699519751252302,-0.0905871254162043,3.5414511253670367,0.11798284301878931
L:A:LEU:50,0.0,3.4019900380765287,0.11333672057164687,-0.059732519422863485,1.0796739383176155,0.03596915396165555,-0.046956714761376,5.436203575409701,0.1811061992248365,0.09340288568257492,3.0400133845635406,0.10127752981168307,0.0,0.08390844025201359,0.0027953954420813216,-0.013286348501664543,7.179154779653552,0.23917232269799318
L:A:PRO:52,0.0,2.6962008605736183,0.08982347394310386,-0.011309655937846821,0.6909322523358135,0.023018290688822156,-0.04497447280799111,3.721236010784692,0.12397234595487286,0.047966703662597095,2.937751939860168,0.09787070714204586,0.0,0.06828649682806466,0.00227495304900858,-0.008317425083240784,5.498139086239795,0.18316957025351283
L:A:TYR:54,0.0,2.711334426507482,0.09032764612300498,-0.002899001109877904,0.8271472344640125,0.02755626969356499,0.013279689234184433,2.8993596554880656,0.0965916747059461,-0.007945615982241954,1.6782777142246048,0.055911537132613265,0.0,0.036014122620837745,0.0011998043810906346,0.002435072142065015,4.388588205198696,0.14620507101715416
L:A:CYS:117,0.0,4.082670851937588,0.13601348632804225,-0.018886792452830183,1.0269718207991614,0.034213391863627686,0.284266370699223,5.806337207224645,0.19343713833214127,-0.2286836847946726,1.79959267194557,0.05995312435376693,-3.963596004439511e-06,0.020054888179908418,0.000668125195048197,0.036691929855716066,7.394278879879885,0.24633914557598258
L:A:TYR:118,0.0,3.0880465313797116,0.10287774594340321,-0.012372918978912307,0.9651544594492704,0.032153956964826404,0.023784683684794413,2.7702047093054922,0.0922888996001681,0.004965593784683689,1.33801322539562,0.04457568345308013,-1.0628190899001122e-06,0.01582100800606874,0.0005270741958313943,0.016376295671476096,4.464540103711392,0.1487353956219512
L:A:ASN:119,0.0,5.065673444559342,0.16876205081947945,-0.006894561598224189,0.7986472919788176,0.026606798948030762,-0.12715871254162062,5.352308035960902,0.17831123357082412,0.15117425083240843,2.6623784897139853,0.08869668739984984,0.0,0.07553962775849549,0.0025165898746109822,0.01712097669256394,7.876550749761221,0.2624059510470564
L:A:GLY:120,0.0,2.575564999229038,0.08580451070244106,-0.003623751387347409,1.1761123193275684,0.03918198225291264,0.020755826859045638,2.615235765820675,0.08712613555664007,-0.002534961154273018,1.258546520868131,0.04192826368259958,0.0,0.01588716111467947,0.0005292780754141221,0.014597114317425509,4.054679409131253,0.13508095616298257
L:A:SER:121,0.0,4.13931142483,0.13790045739823234,-0.002795782463928965,0.9722839069394936,0.0323914732976157,0.23233962264150904,3.976252457273294,0.13246817557617138,-0.23166925638179797,1.0122764506353725,0.03372381810141528,0.0,0.0102617105824625,0.0003418671459512079,-0.0021254162042178386,5.908860091981247,0.19685267083276783
L:A:SER:123,0.0,4.720907034006904,0.15727621638200887,-0.0035360710321864527,0.7528136779736606,0.025079859878500674,0.0884650388457268,4.171831204802677,0.13898384834722483,-0.07147058823529412,1.5505910506181027,0.051657677611590624,0.0,0.09911622408315385,0.003302040178630424,0.013458379578246017,6.532382711612885,0.21762522105200588
L:A:GLY:138,0.0,2.981423901484712,0.09932563112949386,-0.01601442841287458,0.8012558259149064,0.026693701813267637,0.2148701442841287,3.2263791110330113,0.10748627235019582,-0.15002219755826862,1.6588974734925475,0.05526588770275711,0.0,0.08454274320803709,0.0028165271373773054,0.04883351831298503,4.764400261313711,0.1587251858660047
L:A:SER:139,0.0,4.290861832447519,0.14294933349969716,-0.03718534961154272,0.6589355711675312,0.021952326687692973,0.1928934517203108,5.62322671198197,0.1873368432693172,-0.10254273029966703,3.0358832284893134,0.10113993436323589,-0.0007141425083240843,0.07897057943279857,0.0026308914471767763,0.05245122930077704,7.725878159529244,0.2573863192827662
L:A:PHE:140,0.0,2.8056742623977877,0.09347056173986548,-0.12896115427302995,0.7487473562278779,0.02494439105986864,0.3747413984461711,3.318191072993065,0.11054497227622047,-0.12583018867924528,2.574981738419555,0.08578507946759177,-0.021941244839067703,0.07095780365227408,0.0023639471823564055,0.09800881065482843,5.10670036619771,0.17012885574882947
L:A:LEU:141,0.0,3.6292851876838705,0.12090901989351763,-0.10138290788013318,0.6286504214275094,0.02094338206553411,0.2732508324084351,3.2418735139424744,0.10800246575268069,-0.12475471698113207,1.7660824955727685,0.05883673851684128,-0.015681376248612655,0.056144445586925364,0.001870442673234027,0.03143183129855727,5.215252226522036,0.17374524254697146
L:A:ASN:142,0.0,5.715244348641924,0.1904023952130522,-0.16352941176470592,0.7970204122646248,0.026552599726543506,0.027275249722530603,5.523839720747332,0.1840257825290025,0.1774095449500555,1.8080725695508562,0.0602356307028772,-0.014691164483906768,0.07570850210433558,0.0025222158947732927,0.02646421842397315,8.190660715522833,0.2728704712307844
L:A:GLY:143,0.0,3.107205905536859,0.10351603724081217,-0.43325971143174247,0.8436245753727893,0.0281052095086262,-0.6368135405105441,2.99128512502379,0.09965415611758432,0.7546748057713651,2.229549639621496,0.07427706773923044,-0.05879119644839068,0.08857989147426813,0.0029510240464907835,-0.37418964261931176,4.928788457164151,0.16420175070301182
L:A:SER:144,0.0,4.622109165009832,0.15398478214902492,-0.5125571587125416,1.2772934326048462,0.042552813864494506,-1.4590754716981131,4.489770170100579,0.14957593100046518,1.0791176470588233,0.9672041539625337,0.032222242189564536,-0.03295783618201998,0.02230455101418007,0.0007430723304526334,-0.9254728195338512,6.639984126111044,0.2212099439088038
L:A:CYS:145,0.0,3.838673672891206,0.12788476173086932,-0.6048046614872366,1.0027766602716308,0.03340733419820157,-1.0892475027746948,3.920965219430092,0.1306262906333936,0.7037214206437293,1.027347779342423,0.03422591685867096,-0.04869979311875694,0.026623939307750602,0.0008869720181617817,-1.0390305367369592,5.6719570822757595,0.1889602872828284
L:A:GLY:146,0.0,2.359873991872253,0.07861880140964299,-0.07400554938956715,0.9548373431116437,0.031810243985547985,0.29001664816870126,2.037506724064117,0.06787919061005543,-0.21653496115427304,0.7434635236895599,0.024768361075876884,0.0,0.001538651586284522,5.125991638424875e-05,-0.0005238623751387675,3.3443824001491937,0.11141753189399439
L:A:SER:147,0.0,3.9060417895450446,0.13012911910028455,-0.028091009988901218,0.8644384496951566,0.02879862019815934,0.11403662597114288,3.7616592136997564,0.12531903809744774,-0.08117869034406215,0.7754519838384584,0.025834051195140956,0.0,0.006913353259429381,0.0002303171901761477,0.004766925638179398,5.545797499791007,0.18475730221012832
L:A:HIS:163,0.0,2.544121201387764,0.0847569659154896,-0.06694117647058825,0.9520647427557271,0.03171787527538767,0.17477025527192036,2.6314144089961657,0.08766512430742597,-0.2053906770255272,0.7209155056580101,0.02401717768307333,0.0,0.0016305284416582159,5.432077822333204e-05,-0.09756159822419505,3.8500705939687694,0.12826444822174315
L:A:HIS:164,0.0,2.457925762684238,0.08188537950825384,-0.6957302996670367,0.863641265379913,0.028772062138032878,0.22647502774694786,2.158709855557847,0.0719170523594332,0.23836625971143174,1.1857098916813127,0.03950172374652309,-0.03428368301886792,0.019464509218423853,0.0006484568201734173,-0.2651726952275247,3.5851904196243902,0.11944001018146846
L:A:MET:165,0.0,2.514431005094402,0.08376784206640253,-1.0458357380688124,0.873532201298533,0.02910157698900361,-1.2319744728079913,2.1221672710189177,0.07069964235925694,0.4192930077691454,0.5677816722922194,0.018915550021618866,-0.03976174827968923,0.014166797937019906,0.0004719644682119112,-1.8982789513873475,3.451317493048723,0.11498005635985364
L:A:GLU:166,0.0,2.954906406856944,0.09844220529777485,-1.508426193118757,0.763765479279868,0.025444717279758566,-1.5167635960044392,2.5138569368570103,0.08374871708053189,2.2696859045504993,1.4846934215971426,0.04946230928802395,-0.16630412963374028,0.04601567114647604,0.00153300427228577,-0.9218080142064368,4.2238274441237325,0.14071609423294143
L:A:LEU:167,0.0,2.9348941123837564,0.09777549910483505,-0.8838257491675916,1.1002280603212118,0.036653911046786294,0.380963374028857,2.5395165490083897,0.08460356270319044,0.07719533851276363,1.4500441875673393,0.04830797593863009,-0.019650781798002222,0.019767066722721934,0.0006585364720647187,-0.4453178184239733,4.286754998963102,0.14281251503937006
L:A:PRO:168,0.0,2.3806554559760404,0.07931113235824633,-0.738958934517203,0.4556108098208489,0.015178596781336517,-0.4065971143174251,1.5528758807144822,0.051733796338361934,0.7703629300776914,1.460461718531285,0.0486550342141372,-0.07854065260821311,0.05957369588313261,0.0019846875646773966,-0.4537337713651502,3.2284706236135103,0.10755595073674458
L:A:THR:169,0.0,2.98367230455362,0.09940053629602906,-0.1114406215316315,0.6262598816840722,0.020863741639817125,-0.022125416204217555,2.4754856920178923,0.08247038557290166,0.13863928967813538,1.5011882421252094,0.050011831433634336,-0.00021382641509433954,0.043500346916456614,0.0014492066725826308,0.004859425527191945,4.204520149818453,0.14007287500090948
L:A:GLY:170,0.0,2.4245178524325626,0.08077240064979205,-0.10792896781354051,0.6915004495717845,0.023037220083277184,0.19612208657047733,2.3566790852713733,0.07851236363862554,-0.07475693673695896,1.7967166525336116,0.05985731025531177,-0.006765330965593785,0.12699175984245087,0.004230708920095247,0.006670851054383877,3.8929055519029965,0.12969148757334412
L:A:VAL:171,0.0,3.2346737157309446,0.10776260569755432,-0.07715094339622643,0.8263341858404563,0.027529183116700336,0.14906770255271942,2.9558960858578343,0.09847517628567432,-0.18861709211986682,1.39858164246049,0.04659350998505591,0.0,0.008023206782631754,0.00026729177188473046,-0.1167003329633737,4.673259984934871,0.1556888630310879
L:A:HIS:172,0.0,2.713414678812083,0.09039694937537382,-0.05941953385127635,0.8828210325596673,0.02941103282552792,-0.2609589345172034,2.5037028165847843,0.08341043428750089,0.25427302996670365,0.8335243160852087,0.027768721085154824,0.0,0.0011805481770161786,3.932976209874483e-05,-0.06610543840177581,3.8865517065512574,0.1294798102941265
L:A:PHE:181,0.0,2.7913648186362066,0.09299384505022491,-0.005511653718091005,0.7320904501751883,0.024389469062522276,-0.041128745837957545,3.546699490346587,0.11815769140708196,0.050759156492785805,2.5804652693130388,0.08596776236838362,0.0,0.049588277074095646,0.0016520250322525352,0.004118756936737176,5.250524855301267,0.1749203441866104
L:A:VAL:186,0.0,3.2649403303641598,0.10877093282577657,-0.23380688124306326,1.102280180732055,0.036722277089890475,-0.3250799112097669,2.9840315743425903,0.09941250530805631,0.4837058823529412,1.0149991269890748,0.03381452360191729,-0.0031252395116537182,0.010116263137600117,0.00033702158901784655,-0.07830614961154272,4.670077832425825,0.15558285016047466
L:A:ASP:187,0.0,2.796239350876964,0.09315623926428927,-0.3078312985571587,0.9968331500055941,0.03320932716270261,-0.042201997780244416,2.995934880907103,0.09980906194546012,-0.10417647058823531,1.8179623845061106,0.06056510820914371,-0.012635824195338511,0.016342231575385058,0.0005444386705564173,-0.46684559112097707,4.5927672428494315,0.1530072609935519
L:A:ARG:188,0.0,3.4123486103969145,0.11368181464995303,-0.8612164261931188,0.9851828436605913,0.032821199184660615,-0.18882019977802417,3.5583830570720427,0.11854692744905222,0.7646470588235296,1.369366490774094,0.04562021216640284,-0.03689618024417314,0.02022523557891134,0.0006738002897265509,-0.3222857473917869,5.210793788031482,0.173596710425556
L:A:GLN:189,0.0,2.716331257175689,0.09049411468841753,-1.0639056603773585,0.8625703837689568,0.028736385898964614,-0.17535516093229764,2.379703139992979,0.07927940611294282,0.3372486126526082,1.7552214808552846,0.05847490565537412,-0.07548198712541619,0.07622120343836554,0.002539296452676548,-0.977494195782464,4.107564037098732,0.1368427985656354
L:A:THR:190,0.0,4.641404711956324,0.15462761001979322,-1.1294605993340732,0.9497173535593741,0.03163967240282124,-1.0244539400665928,3.680872660199837,0.12262764778251795,1.6038790233074363,1.8439595662139334,0.06143119990426688,-0.1157238499445061,0.062412204470356517,0.0020792519963746476,-0.665759366037736,6.276743300273443,0.20910863746246072
L:A:ALA:191,0.0,2.8112986894643877,0.09365793857274511,-0.9488546059933407,0.6350542483128503,0.021156724471058447,-0.4089112097669257,2.337244979651263,0.0778649197091684,0.30880466148723645,1.1431832574626613,0.0380849561471632,-0.08971308679245282,0.06699572866438182,0.0022319513267657918,-1.1386742410654829,3.88339602698355,0.12937467936505972
L:A:GLN:192,0.0,3.0833075861001924,0.10271986878593425,-0.6057569367369589,0.7710688259723532,0.02568802703494881,-1.62065038845727,2.929518206943397,0.09759640172774274,1.8372574916759155,1.3360717006549356,0.04451100188595176,-0.05649492386237514,0.05844954241370818,0.0019472365826880902,-0.4456447573806885,4.524589889481872,0.15073594404040105
R:B:TRP:1,0.0,2.75815330235886,0.0918874090236766,-0.1311398446170921,1.2372856836156267,0.04121996249892865,-28.954958934517204,18.2285490374227,0.6072810165690627,30.18169256381798,16.440895613346456,0.5477256462311678,-0.004820675693673695,0.10784411349074101,0.003592808332533434,1.0907731089900106,24.733236028342244,0.8239835593879994
R:B:TRP:2,0.0,2.4803834804716858,0.08263355456375517,-0.6087613762486127,0.8707432298153758,0.029008662877518555,0.0977302996670367,2.617417593553903,0.08719882277716942,0.5319167591564927,1.796557082331288,0.05985199420111117,-0.048743776248612654,0.052143085681860775,0.001737138047297114,-0.027858093673695974,4.122099840247781,0.13732705637984102
R:B:THR:3,0.0,3.5795398815427872,0.1192517634645568,-0.44887458379578243,0.9938112154381277,0.033108651925613325,1.9221132075471699,3.832040541725909,0.12766378009218665,-1.5155460599334074,1.511662444331793,0.050360777701969,-0.01580452741398446,0.02592599741214596,0.0008637202023974672,-0.05811196359600438,5.547170153498263,0.18480303193535377
R:B:TRP:4,0.0,2.7074862145564658,0.09019944359515765,-0.743221975582686,0.6953124848705343,0.02316421739209586,0.01884350721420626,2.730874097320029,0.09097860693892662,0.4005394006659267,1.4034014235571841,0.046754080174050756,-0.10197944150943394,0.06443006069761427,0.002146476534019612,-0.42581850921198705,4.152746221165874,0.13834803535737206
R:B:THR:5,0.0,3.3572349713553757,0.11184571312178125,-0.6762574916759156,0.7271343380930149,0.02422435702989074,1.8313573806881247,2.7294561043930603,0.09093136674529358,-0.6108246392896782,0.9581715964236994,0.03192132406859174,-0.028162284572697004,0.03324044952966702,0.0011073999329374441,0.5161129651498335,4.490977550602109,0.14961615467689984
R:B:PRO:6,0.0,2.3312399054639195,0.07766486168208266,-1.5620732519422862,0.6305842470992366,0.021007807139487217,5.990100998890123,2.0863100399572287,0.06950506479382428,-4.48804217536071,1.4807215844004813,0.0493299882061055,-0.2452345891231964,0.06662192872441246,0.002219498245224742,-0.30524901753607103,3.5188038399774286,0.11722835255080441
R:B:PHE:7,0.0,2.6635981851981856,0.0887373213478415,-1.57680910099889,0.9101468156251369,0.030321386649327948,-2.664566037735849,1.7115525842476123,0.05702008377844287,3.753619311875694,1.360703485396894,0.045331605612956995,-0.23013758756936736,0.06508267655244337,0.002168218320430372,-0.7178934144284129,3.5648680896755223,0.11876297520929027
R:B:HIS:8,0.0,3.306584570953284,0.1101583036311704,-1.9352641509433963,0.9253335873049883,0.03082733136962404,1.2163385127635957,2.6720903601506327,0.08902023671468814,-0.28726526082130954,1.3320183161408183,0.04437596406899633,-0.21644305172031075,0.060252324336847934,0.002007295956403961,-1.2226339507214206,4.550572909271269,0.1516015639336161
R:B:LEU:9,0.0,4.388801414764475,0.14621217405764206,-0.8441764705882354,1.1505044608684931,0.03832886079572711,0.0494306326304106,4.65327749493027,0.1550231497689592,-0.3403340732519423,1.312577586333644,0.04372829945587172,-0.03195940954495006,0.021484641941086822,0.0007157571988763319,-1.167039320754717,6.630350769569156,0.22088901027104033
R:B:LEU:10,0.0,3.183091773122584,0.10604416203648707,-0.4518623751387348,0.878330504194788,0.02926143163539712,2.485557158712542,2.4854971298010673,0.08280391492303275,-2.7135094339622645,1.4849883431487045,0.049472134549446184,-0.042011832186459486,0.05496082708365738,0.0018310106237374446,-0.7218264825749169,4.391975041455762,0.14631790289208405

