| Run on Tue Oct 21 00:04:28 2025
| GB non-polar solvation energies calculated with gbsa=2
idecomp = 1: Per-residue decomp adding 1-4 interactions to Internal.
Energy Decomposition Analysis (All units kcal/mol): Generalized Born model

DELTAS:
Total Energy Decomposition:
Residue,Internal,,,van der Waals,,,Electrostatic,,,Polar Solvation,,,Non-Polar Solv.,,,TOTAL,,
,Avg.,Std. Dev.,Std. Err. of Mean,Avg.,Std. Dev.,Std. Err. of Mean,Avg.,Std. Dev.,Std. Err. of Mean,Avg.,Std. Dev.,Std. Err. of Mean,Avg.,Std. Dev.,Std. Err. of Mean,Avg.,Std. Dev.,Std. Err. of Mean
R:A:THR:24,0.0,5.21511659037064,0.1737407238516143,-0.13702885682574917,0.7513044678502009,0.025029580799452236,-1.0149123196448393,5.073950863892957,0.1690378116393432,1.1420022197558268,1.9379322382770598,0.06456188352055735,-0.045332982019977805,0.10099539856519266,0.003364644557477053,-0.05527193873473938,7.567870126690582,0.252122308493353
R:A:THR:25,0.0,4.730504639938246,0.15759595899425127,-0.587139844617092,1.0493444132777094,0.03495873098391452,-0.4251487236403995,4.16714000328195,0.1388275617649747,0.42704994450610423,1.7130098754599936,0.057068633187782866,-0.1748270756936737,0.12216306952018688,0.004069841921763038,-0.760065699445061,6.617641596678167,0.22046560633377976
R:A:THR:26,0.0,6.054341785543926,0.20169936875576522,-0.17070477247502772,1.415267654843197,0.0471494016548455,-0.5849900110987791,5.1849311227471,0.17273510012224327,0.7956059933407327,1.3403960991997148,0.04465506848932934,-0.020463974250832403,0.07021981698270784,0.0023393612817458557,0.019447235516093047,8.206286630633064,0.27339104593991137
R:A:LEU:27,0.0,4.189993232361971,0.1395889132120432,-0.8411331853496117,1.3457545505609918,0.044833584386740136,0.6054250832408435,2.7510208790707456,0.09164979355268575,-0.5671320754716981,0.6575257897737437,0.021905360059893807,-0.1395560657047725,0.07836593844871499,0.0026107479354403364,-0.9423962432852386,5.231987754114534,0.17430278380756917
R:A:ASN:28,0.0,4.000173197995562,0.13326509099237271,-0.05351387347391788,1.2298281621708191,0.040971516438038626,0.49009655937846797,3.4475294958817386,0.11485385987731384,-0.4469500554938957,0.9167073669144987,0.030539950301765557,0.0,0.003800748081365065,0.00012662127708770355,-0.010367369589345591,5.49906259190113,0.18320033668783908
R:A:PRO:39,0.0,3.332808865685557,0.11103196155814675,-0.042632630410654834,1.0382791953633694,0.03459009512761113,0.3212574916759158,1.913193381204333,0.06373771269702995,-0.29911431742508326,1.021713563631771,0.03403821391877652,0.0,0.010645760564726263,0.000354661705911173,-0.020489456159822606,4.10973958724003,0.13691527664925535
R:A:HIS:41,0.0,4.076251725888733,0.13579963423348274,-0.8169900110987792,1.5205666780353753,0.050657420736155576,-2.0541942286348505,4.021988841625538,0.13399187545632107,2.7553651498335183,3.205570181099525,0.10679302638213886,-0.0985101203107658,0.08860639337256203,0.002951906952733287,-0.2143292102108766,6.737052521409023,0.2244437610191106
R:A:CYS:44,0.0,3.717569308990434,0.12385019040708344,-0.2512064372918979,0.785387618654137,0.026165055182278782,-1.5881731409544952,3.2825039253965684,0.10935606101255607,1.7383396226415093,1.5229855537986343,0.0507380051715624,-0.03602414916759156,0.05495089368146071,0.0018306796941296298,-0.13706410477247516,5.247331883607367,0.1748139708766905
R:A:THR:45,0.0,4.2375130555438165,0.1411720280540314,-0.21002330743618203,1.4894906339128096,0.04962212760191032,0.6822896781354051,3.3457860047592383,0.11146429274329178,-0.35341953385127634,1.4731899563485586,0.049079073296180324,-0.021843721198668148,0.07249484160744286,0.0024151533408939756,0.09700311564927845,5.791798285818232,0.19295277663372096
R:A:SER:46,0.0,9.054996050323021,0.30166565617372343,-0.30876359600443953,0.8501225330181567,0.02832168786444049,-0.48165260821309674,11.131638333174,0.37084864128082257,0.5573784683684795,3.2650979836446172,0.10877618501805063,-0.09702377980022198,0.1625941391146061,0.005416796141425106,-0.33006151564927866,14.741653077927662,0.49111566963961256
R:A:MET:49,0.0,4.160121776274745,0.13859375072369556,-0.7553784683684794,1.6319756170764876,0.05436899062670861,1.1087946725860154,3.7758634188796223,0.12579224878160453,-1.0533795782463928,2.0125044060144717,0.06704624262880907,-0.16132573318534962,0.17690101088264792,0.005893427145537548,-0.8612891072142067,6.1893917405573715,0.2061985350799636
R:A:TYR:54,0.0,4.205589692974786,0.14010850664958918,-0.0059600443951165205,1.5855872821571415,0.05282357112409582,0.031106548279689228,4.381615312021817,0.14597277026473612,-0.01894006659267481,2.7562405497892555,0.09182368599654318,0.0,0.1861313133127781,0.006200933103993245,0.006206437291897864,6.8579247058885375,0.2284705973248938
R:A:TYR:118,0.0,4.740917535936325,0.1579428628566574,-0.3988679245283019,1.226330892921605,0.040855005506723226,0.16463152053274155,2.913177203958115,0.09705200398745704,0.061243063263041055,1.5005155649629338,0.04998942130817175,-0.10744753385127635,0.15800036269665724,0.005263755259934441,-0.2804408745837954,5.894344665732738,0.19636909187154436
R:A:PHE:140,0.0,4.679829919426265,0.15590773928330823,-0.17798668146503882,1.431327670512881,0.04768443835041453,-3.0559800221975584,3.925643238603547,0.13078213804798228,2.875963374028857,2.6759236078182593,0.08914794070997478,-0.02259980110987791,0.12454232097637173,0.004149106280106595,-0.3806031307436186,6.821749024738456,0.22726541064882877
R:A:LEU:141,0.0,5.338287327266658,0.1778441360409341,-0.41719644839067704,1.2095380676002758,0.04029555538201679,-2.999635960044395,5.315798860518717,0.1770949365890341,2.9650221975582682,2.7906287937461363,0.09296932450596523,-0.13505076759156492,0.195267345582056,0.006505298468044145,-0.5868609784683685,8.126730575800932,0.2707406494792004
R:A:ASN:142,0.0,5.8456949687218245,0.19474833547475648,-0.1603052164261931,1.3410603898842035,0.04467719922070821,0.021439511653718185,5.446254077551267,0.18144102999743555,0.1301642619311876,2.856882820121709,0.09517656614689618,-0.011393556492785796,0.13965108169748722,0.0046524520785561135,-0.020094999334073094,8.59148171076594,0.2862237546409857
R:A:GLY:143,0.0,3.2807362274434495,0.10929717045534534,-0.21002552719200887,0.7821013756573832,0.026055574554738736,-3.2892364039955604,4.580571280680968,0.15260095458438588,3.1397436182019978,2.7466823084586567,0.0915052548092917,-0.049435551609322975,0.07988165742213565,0.002661243855720235,-0.4089538645948951,6.3172138475800095,0.21045690687540095
R:A:SER:144,0.0,5.802150113208767,0.19329764600583418,-0.7571043285238624,1.283294577003322,0.04275274097133128,0.42188235294117626,4.5869020065276125,0.1528118616412162,-0.10999445061043281,1.4662537096641197,0.04884799341543654,-0.12917956315205326,0.08655194136997224,0.0028834632330459044,-0.5743959893451727,7.6491079286881805,0.2548287320753757
R:A:CYS:145,0.0,5.161755093470357,0.1719629946414219,-0.9908201997780245,1.311099327741581,0.04367905152183721,0.2760321864594893,5.023051094911956,0.16734209447686066,-0.23942730299667037,1.1807917448398806,0.039337876519441595,-0.11499995826859045,0.06292250317141772,0.0020962525109684375,-1.0692152745837957,7.415656935184851,0.24705135185917146
R:A:GLY:146,0.0,2.390907012534453,0.07965266122461014,-0.03742286348501665,0.8034487698938216,0.026766759369634886,0.32816204217536055,1.399669403236421,0.046629748550639775,-0.2939234184239734,0.5882077511550643,0.019596041371253026,0.0,0.0029959966611076893,9.981112014235438e-05,-0.0031842397336297222,2.9439833629457572,0.09807830594425002
R:A:SER:147,0.0,3.1437894119558907,0.10473481054647685,-0.03048945615982242,1.2678520363723629,0.042238275351850256,0.40008879023307414,3.325755683977502,0.11079698600694295,-0.3717846836847946,1.159680341058976,0.038634553686508075,0.0,0.026811840122030518,0.0008932319018900917,-0.0021853496115430294,4.888464880775719,0.16285837760125838
R:A:HIS:163,0.0,3.7653543024887424,0.12544213935314732,-0.2841897891231963,1.5686849454409715,0.05226047264586172,0.3646415094339623,3.2200331322939046,0.10727485714584255,-0.14153163152053277,1.3652354401995583,0.04548258691782975,-0.030856554938956716,0.06012352793963774,0.0020030051262963275,-0.0919364661487232,5.373524122973945,0.17901804390786455
R:A:HIS:164,0.0,4.197847141419521,0.13985056485895805,-0.31293340732519426,1.553622399592068,0.051758666488034163,-2.07930743618202,3.217610335513288,0.10719414208240811,2.310441731409545,1.9522929449672832,0.06504030802596286,-0.015452015094339622,0.028872050512990004,0.0009618674613084247,-0.09725112719200887,5.8481587523518925,0.19483041600812215
R:A:MET:165,0.0,4.130745216357893,0.1376150756172467,-0.7825882352941177,1.7064534459937584,0.056850206853182976,0.3786170921198668,2.9538140381728843,0.09840581322051395,-0.6676004439511655,0.979041104463075,0.03261658818596222,-0.0691567271920089,0.12843011068550864,0.0042786273342466895,-1.1407283143174252,5.44748313953093,0.1814819759886334
R:A:GLU:166,0.0,4.462130297555104,0.14865511333896092,-0.5648534961154273,1.4503189951193007,0.048317131105570336,-67.66569922308545,18.67839176908071,0.6222674508056358,66.27390566037737,17.186635378044897,0.5725698398898242,-0.5360553908990011,0.2279930225197057,0.007595548839470117,-2.4927024497225307,25.813344756063817,0.8599671982848348
R:A:HIS:172,0.0,4.208084825677963,0.14019163157200343,-0.2381254162042176,1.4491609959323255,0.04827855255924673,1.5023451720310763,4.462910896230392,0.14868111885130794,-1.240612652608213,2.7815450122446905,0.09266669986737418,-0.012732484794672585,0.07731192937344214,0.002575633802033961,0.010874618423973241,6.889745202073253,0.2295306917532059
R:A:ALA:173,0.0,3.149031818073216,0.1049094604162861,-0.035518312985571565,0.8759341647266518,0.02918159799283639,-0.6973296337402886,2.3741536113173787,0.07909452450724402,0.7107824639289678,0.5865289183718981,0.019540111342092856,0.0,0.0037581941174068137,0.0001252035990027086,-0.02206548279689242,4.082192758605816,0.13599755872985891
R:A:PHE:181,0.0,4.1889676416347905,0.13955474583107902,-0.014489456159822414,1.5274087608093936,0.05088536356220966,0.6210843507214207,2.4627480059215223,0.08204603172304446,-0.6044805771365149,0.9120806393159884,0.03038581165728852,0.0,0.06039046661891829,0.002011898143079084,0.002114317425082976,5.175045242991077,0.17240575371647107
R:A:VAL:186,0.0,6.234898296727748,0.20771457827325174,-0.01632963374028858,1.7035464436053591,0.056753360562127576,-0.3469567147613762,6.273599040090971,0.20900388696827443,0.360857935627081,1.8228830150242903,0.060729038179494405,-2.880799112097676e-05,0.19451159041861568,0.006480120613076691,-0.002457220865705058,9.192105820602842,0.3062334448938317
R:A:ASP:187,0.0,6.30799479589573,0.21014977573363325,-0.0670443951165372,2.2327900005540267,0.07438501981359018,-23.153075471698116,14.710604001733127,0.49008127493731135,23.32725860155383,15.14762008239622,0.5046403914735353,-0.0027268821309655938,0.08230039171879881,0.0027418235781914283,0.10441185260821231,22.15028638962753,0.7379330306747639
R:A:ARG:188,0.0,8.331237013931561,0.2775537467470039,-0.06501997780244172,2.7383982324173797,0.09122927222234228,18.57629411764706,14.401376483920737,0.4797794126781314,-18.416645948945618,9.598417292994077,0.319769642618119,-0.0012563720310765812,0.2986866994634431,0.009950696685371718,0.09337181886792428,19.404298698178177,0.6464509169132138
R:A:GLN:189,0.0,6.185502863826547,0.20606897781188052,-0.7755627081021087,1.7860436506729027,0.05950174101024962,-1.749492785793563,5.824665650452102,0.19404774730669255,2.147482796892342,3.459210735439403,0.1152430183900842,-0.19965593607103221,0.2805553892069656,0.009346655162281873,-0.5772286330743622,9.349972073683658,0.3114927323146818
R:A:THR:190,0.0,6.227529166520033,0.2074690769514195,-0.06320643729189789,1.1514299270652628,0.03835969254495854,-0.3613152053274139,7.179211598663694,0.23917421561367005,0.4478390677025527,3.036832267871853,0.10117155144914929,-0.005744736958934516,0.17299480123470373,0.005763292434263192,0.017572688124306162,10.044962269696612,0.3346462127082015
R:A:GLN:192,0.0,5.185572453002577,0.17275646593082752,-0.033829078801331895,1.7434112636104317,0.05808145027285126,0.05567036625971125,6.9296976823335585,0.23086170185045082,0.005586015538290774,4.219894390608059,0.1405850652227709,-0.000156530077691454,0.3273386508979418,0.010905231583245844,0.0272707729189786,9.79106805860418,0.32618777016860745
L:B:VAL:1,0.0,5.88657119085221,0.19611011987558188,-2.8416637069922306,1.6175917651681129,0.05388979504228969,-41.43273917869035,14.497774674699004,0.48299090203864287,47.708940066592675,12.335365298762676,0.4109506007858584,-0.7673235942286348,0.3481355785361919,0.011598077696874614,2.667213586681465,19.99340464895901,0.6660768816525143
L:B:ALA:2,0.0,5.324667066049092,0.17739037935074672,-1.8677602663706991,0.915162137672309,0.030488471251891497,-0.6157968923418425,5.266222392074656,0.17544330495928648,1.9651620421753606,3.002989860350382,0.1000440973879077,-0.4099677842397337,0.22901590015893852,0.0076296258343699205,-0.9283629007769152,8.123613467489582,0.27063680354499103
L:B:LYS:3,0.0,6.587903919090032,0.21947490065341813,-2.4012685904550497,1.9471168090198498,0.06486786593561306,-43.457314095449505,27.190196822301232,0.9058367911269918,46.3850321864595,25.659302085613305,0.8548352928701937,-0.4576939551609323,0.4109472914175976,0.013690639248139876,0.06875554539400673,38.01403959522971,1.266431275571875
L:B:ALA:4,0.0,4.760687905055378,0.15860150934749526,-2.6242941176470596,1.4492941377178015,0.048282988155226726,-1.2018301886792448,4.259916232750228,0.1419183860993347,2.161,2.585321157718052,0.08612953546622527,-0.5523490708102108,0.2628965057719357,0.0087583524585459,-2.217473377136514,7.047303682849515,0.2347797257919795
L:B:LYS:5,0.0,6.838250598431837,0.22781515777499511,-1.2200210876803552,1.959976508765512,0.06529628464948249,-72.62855493895671,25.7071584991873,0.8564296211639543,67.74658157602663,23.192556294492867,0.7726560756119408,-0.3931771205327414,0.3392436703011216,0.011301845283579047,-6.495171571143175,35.34785610196556,1.1776078251247168
L:B:ALA:6,0.0,3.854274628315212,0.12840450491228705,-1.4646204217536072,1.0269098318365582,0.034211326711862264,-5.45369256381798,4.0735033259625615,0.13570807175653093,3.63288679245283,2.4157681870371883,0.08048090703255277,-0.36486531409544953,0.1998799233839468,0.006658965714448974,-3.650291507214206,6.195102418612457,0.20638878534988203
L:B:VAL:7,0.0,5.057569549290026,0.1684920709243591,-1.244700332963374,1.715835858611511,0.05716278033671597,39.44729966703663,25.88745485397696,0.8624361636153353,-39.3139500554939,24.0491018057809,0.8011917439070302,-0.2454061984461709,0.25064352023504527,0.00835014632554142,-1.3567569198668143,35.736613453086854,1.1905592102790128

Sidechain Energy Decomposition:
Residue,Internal,,,van der Waals,,,Electrostatic,,,Polar Solvation,,,Non-Polar Solv.,,,TOTAL,,
,Avg.,Std. Dev.,Std. Err. of Mean,Avg.,Std. Dev.,Std. Err. of Mean,Avg.,Std. Dev.,Std. Err. of Mean,Avg.,Std. Dev.,Std. Err. of Mean,Avg.,Std. Dev.,Std. Err. of Mean,Avg.,Std. Dev.,Std. Err. of Mean
R:A:THR:24,0.0,4.725603915539552,0.15743269219289185,-0.07379578246392898,0.5579767736438423,0.018588901487699955,-0.3050410654827969,4.596231673156172,0.15312267790107378,0.29689345172031073,1.4877378353769815,0.04956373341625719,-0.030870819089900112,0.07454521374849332,0.0024834611406868027,-0.11281421531631529,6.78136688990632,0.22592008668246466
R:A:THR:25,0.0,4.213991544267209,0.1403884128990361,-0.5417025527192009,0.7366484678627431,0.024541318647980526,-1.6314295227524973,3.907677652127084,0.13018361758448913,1.5470055493895671,1.8526138838518933,0.06171951702715484,-0.17482710765815762,0.12224270279184787,0.0040724948906892934,-0.8009536337402886,6.084196069680871,0.2026939591635045
R:A:THR:26,0.0,4.665461396651322,0.1554290543863672,-0.08934739178690343,1.2089290477388703,0.040275265988725766,0.25893340732519415,4.134122909353327,0.13772760288596758,-0.19587569367369587,1.2385588973887693,0.041262379399630754,-0.008062977136514982,0.05940154430429157,0.001978952364054027,-0.03435265527192028,6.469665246480466,0.2155357993484979
R:A:LEU:27,0.0,3.4252281997624796,0.11411089598313293,-0.8260577136514984,1.1217901403091854,0.037372248081048214,-0.17837624861265258,1.6181217152903253,0.05390745024064296,0.22856936736958935,0.4517064903955254,0.015048525042507872,-0.13955608168701442,0.0783373950341358,0.0026097970164293705,-0.915420676581576,3.977322557420167,0.13250382578089637
R:A:ASN:28,0.0,3.4489311320096996,0.11490055514696479,-0.0472552719200888,1.1828905826437852,0.03940779894456452,0.7345904550499445,2.9921928789251764,0.09968439778470203,-0.7049334073251942,0.8546849926990445,0.028473685434152525,0.0,0.0028488965431717234,9.491050468611659e-05,-0.01759822419533849,4.793544498750385,0.15969612118846718
R:A:PRO:39,0.0,2.520045940835744,0.08395490269739253,-0.0314850166481687,0.8405222238149145,0.028001855193153638,6.577357380688125,1.6876374811500174,0.056223356178750454,-6.548234184239734,1.560300451867107,0.051981144665861775,0.0,0.009483667911936333,0.00031594678646888,-0.0023618201997781135,3.5128132401944767,0.11702877673604369
R:A:HIS:41,0.0,3.801997438499218,0.1266628992085278,-0.6588479467258602,1.2924255247076406,0.04305693694396375,-0.416607103218646,3.4546749528135283,0.11509190956193104,0.9514106548279689,2.6136278887815263,0.08707256940604587,-0.08275196537180911,0.08276571856269492,0.0027573258629985165,-0.20679636048834632,5.907472233879173,0.19680643457571023
R:A:CYS:44,0.0,3.12129368109577,0.1039853690919128,-0.13833851276359602,0.7025104101313002,0.0234040150501855,0.6742241953385127,2.287497014569034,0.07620757469803471,-0.6535249722530522,0.7505722165330087,0.02500518597113235,-0.003572822197558268,0.031889672623348714,0.0010623990296212812,-0.12121211187569365,4.004124537911474,0.13339672921086274
R:A:THR:45,0.0,3.495976209502317,0.11646785391691267,-0.1188235294117647,1.3342593232668958,0.044450622840951734,0.04682685904550503,2.6264100777584223,0.08749840586181266,-0.005586015538290798,1.0905097247668007,0.03633014634764728,-0.016265199556048833,0.07173858865372705,0.002389958902128002,-0.09384788546059925,4.700477143928563,0.15659559806237744
R:A:SER:46,0.0,7.248827395865129,0.24149345407894562,-0.2628279689234184,0.5559943476021276,0.018522857300671467,-0.9270499445061043,8.824699569150463,0.2939933680002856,0.8766071032186458,2.7050503408102466,0.09011829287483422,-0.09629313562708103,0.1548171730750241,0.005157707838091437,-0.40956394583795785,11.750370909838177,0.3914616120317926
R:A:MET:49,0.0,3.799212561112279,0.12657012149116323,-0.7337258601553829,1.4328877024673905,0.04773641055013651,0.703865704772475,2.3164024835691035,0.07717055549056683,-0.6716215316315205,1.0299485508238517,0.034312561119048644,-0.16125947081021086,0.17404044630780055,0.005798127922357008,-0.8627411578246394,4.789988289398616,0.1595776466776413
R:A:TYR:54,0.0,3.944712755375962,0.13141743576187373,-0.00548723640399556,1.4184776808277564,0.047256343125563455,0.08732630410654825,4.047631957525789,0.13484617150917383,-0.07967258601553828,2.4054013378299275,0.08013553721116551,0.0,0.18614016360134944,0.0062012279498545085,0.0021664816870144215,6.306882421098074,0.21011271715609425
R:A:TYR:118,0.0,4.022050715846046,0.13399393678547308,-0.39015871254162043,1.0406618323458834,0.034669472274189594,-0.7005904550499444,2.051518533117408,0.06834599164991798,0.8967558268590454,1.4502182468985971,0.048313774695701354,-0.1074474459489456,0.15830508487226116,0.005273907027482806,-0.3014407866814649,4.85765280412232,0.16183187849843533
R:A:PHE:140,0.0,4.668459349616694,0.155528930680454,-0.12115871254162042,1.256503716108216,0.04186020798882459,-0.6778201997780244,2.2642498364090895,0.07543309890424826,0.5812630410654829,1.1636117791573684,0.03876552887932614,-0.001634639733629301,0.10910719456617493,0.0036348876641315734,-0.2193505109877913,5.464982924199832,0.1820649783439856
R:A:LEU:141,0.0,4.440226824773645,0.14792540286174138,-0.3207580466148724,0.9843679230402419,0.0327940502425406,-0.5804972253052164,3.251446538032182,0.10832138942504226,0.3941631520532742,0.8334297010982652,0.027765569002927336,-0.08470221442841287,0.16572271676638667,0.005521024174763802,-0.5917943342952275,5.654959605386819,0.18839401922589014
R:A:ASN:142,0.0,4.579008873175829,0.15254890324359796,-0.11475582685904552,0.7806763484065394,0.026008100013799988,-1.0619833518312984,4.218729967633289,0.14054627266904743,0.9636625971143175,2.68045268228985,0.08929882605710679,-0.010104796448390678,0.1403673400185268,0.004676314102924261,-0.22318137802441737,6.824880213859452,0.22736972568282104
R:A:GLY:143,0.0,2.518070725008854,0.08388909871744686,-0.09645504994450611,0.5015539779311154,0.01670918562727962,0.02713873473917865,2.7761204659732286,0.09248598202925133,-0.07416648168701442,1.0599804420115426,0.03531306847553164,-0.0003226175360710321,0.030076189377413468,0.0010019831431532145,-0.14380541442841277,3.927282078630845,0.13083673572527016
R:A:SER:144,0.0,4.931720122948696,0.16429941865092276,-0.6113951165371808,0.9064968888891152,0.030199789959755818,-0.8339489456159822,4.200583548779647,0.13994172780560798,1.2020221975582688,1.3626231717072517,0.04539555963648648,-0.1288761642619312,0.08554729370233696,0.002849993566555019,-0.3721980288568255,6.682257281673183,0.2226182669097544
R:A:CYS:145,0.0,4.332047996269314,0.1443214435553539,-0.9320876803551609,0.9957574092530088,0.033173489042155904,0.1360221975582686,4.080518458669334,0.1359417797117165,-0.07838290788013319,0.9244582961185713,0.030798171192344435,-0.11500000621531632,0.06260544329125331,0.0020856897148871793,-0.9894483968923418,6.104698693170413,0.20337700058438227
R:A:GLY:146,0.0,1.657100439516162,0.05520601982091154,-0.03017092119866815,0.694082398925858,0.023123237287677414,-0.426573806881243,1.0194913303542308,0.03396418059439795,0.4596603773584906,0.38188162349241717,0.012722321455614244,0.0,0.0009126347259285631,3.0404270958720625e-05,0.0029156492785794024,2.10069731829079,0.06998437452901658
R:A:SER:147,0.0,2.679238965297602,0.08925839128155959,-0.025962264150943406,1.018361687305067,0.03392654672799158,0.4312186459489455,2.926294796648451,0.09748901436099648,-0.39353607103218646,1.0527574826929302,0.03507243681205481,0.0,0.026486945095167188,0.0008824080792267112,0.011720310765815858,4.229371474800719,0.14090079267374978
R:A:HIS:163,0.0,3.2939219751769864,0.10973645140257851,-0.2571387347391787,1.3100499759781346,0.04364409254598367,0.5419744728079912,2.695613621311364,0.08980391016677591,-0.26640177580466146,1.3728221330714114,0.0457353363028827,-0.030856554938956716,0.06012489900406095,0.0020030508030748247,-0.012422592674805739,4.6605516117777865,0.15526548573682658
R:A:HIS:164,0.0,3.8078534311760026,0.12685799061039846,-0.10509322974472811,1.4456717993471933,0.04816231056736474,-0.6895438401775804,2.514190297698069,0.08375982294035797,0.8076270810210877,1.3142672861634928,0.043784591518847255,-0.00015487591564927855,0.00835408628041783,0.00027831496618093424,0.012835135183129722,4.96369175594364,0.16536454817640955
R:A:MET:165,0.0,3.5838237490784066,0.11939447978424507,-0.5790266370699223,1.4216716146975477,0.04736274849020982,-0.18295116537180922,1.9182170990126535,0.06390507700295082,0.310550499445061,0.8182165703821019,0.027258746135811418,-0.06904915072142064,0.1283847742253941,0.0042771169577746244,-0.5204764537180913,4.385254917304171,0.14609402309683156
R:A:GLU:166,0.0,3.595647395658348,0.11978838256278654,-0.20465038845726968,1.3202837742046705,0.04398502979653579,-67.45148612652609,18.67251023602619,0.6220715085304168,65.90586903440622,17.213000436409423,0.5734481873333119,-0.47842704639289685,0.19210375272761582,0.006399903909173282,-2.228694526970034,25.683822842958534,0.8556521977383257
R:A:HIS:172,0.0,3.730232577348198,0.1242720650426127,-0.22774694783573807,1.3184690539989876,0.04392457270096373,0.62296115427303,3.8011801358418893,0.1266356709092502,-0.32413207547169814,2.7216212291136537,0.09067034920546624,-0.012732460821309657,0.0773859349551916,0.0025780992854262117,0.05834967014428424,6.12496341623954,0.2040521163931417
R:A:ALA:173,0.0,2.4855602362355946,0.08280601730318563,-0.022446170921198667,0.713064990993137,0.023755639119774245,0.04558712541620411,1.3012132648184886,0.043349699013885204,-0.018921198668146507,0.35989328126338965,0.011989783567157037,0.0,0.0037581941174068137,0.0001252035990027086,0.004219755826858907,2.9170472446974065,0.09718093373767993
R:A:PHE:181,0.0,3.7293310193362927,0.1242420297905012,-0.013927857935627097,1.1457830501219624,0.03817156779824788,0.2101032186459489,1.314755421502144,0.04380085366478497,-0.19377469478357381,0.5671013966347181,0.018892886753577812,0.0,0.05188310729985604,0.0017284769116364701,0.0024006659267480795,4.156152826712232,0.1384615258428185
R:A:VAL:186,0.0,4.686970339316982,0.15614562115975722,-0.008495005549389568,1.2283498711544913,0.040922267423795226,0.10080799112097673,3.780652480346555,0.12595179555134906,-0.09025194228634852,0.6007277287547546,0.020013142299503146,0.0,0.19713952506385596,0.006567669809645339,0.0020610432852386507,6.178155496682663,0.20582420152282518
R:A:ASP:187,0.0,5.1388222096946325,0.17119898951168883,-0.03419755826859045,2.245042543748815,0.07479321121004262,-22.51639955604883,14.784465954976646,0.4925419733702703,22.661735849056605,15.643475169087964,0.5211597195066611,-3.997158712541624e-05,0.057055832421172376,0.001900805370893228,0.1110987631520533,22.242969991299304,0.7410207691298085
R:A:ARG:188,0.0,7.6041394504727515,0.25333061485780856,-0.037647058823529395,2.567100835908328,0.08552252853835027,18.363679245283024,13.28566954307826,0.44260982535458787,-18.251822419533852,8.784899208416808,0.29266742573924615,-7.035382907880124e-05,0.2678435843734164,0.008923163542301746,0.07413941309656003,17.83726865244696,0.5942455769702345
R:A:GLN:189,0.0,4.937157805943054,0.1644805741367387,-0.7407924528301886,1.57987885162293,0.05263339572995375,-1.5694439511653717,5.061743446874548,0.1686311236137959,1.8959655937846835,3.1573769964094653,0.10518747861581933,-0.19728942153163154,0.28045591647536944,0.009343341245115969,-0.6115602317425087,7.90825367114061,0.26346212849068945
R:A:THR:190,0.0,5.178871937434608,0.1725332393922095,-0.04112541620421754,0.8935336687809323,0.02976792248258338,-0.6086714761376248,5.724717802664425,0.1907180017255285,0.6325027746947837,2.22175942947975,0.0740175382108816,-0.002086921198668146,0.19205205734589748,0.006398181686307524,-0.01938103884572709,8.08483826906567,0.26934501439226155
R:A:GLN:192,0.0,4.361556237796992,0.14530450561231217,-0.02370921198668149,1.6721273753246864,0.05570663963628929,0.5999733629300779,5.980177950421391,0.19922861317925655,-0.5687857935627081,3.617873395005533,0.12052883795778874,-9.846659267480568e-05,0.3277932377606534,0.010920376067403068,0.007379890788013368,8.412976132290684,0.2802768715985036
L:B:VAL:1,0.0,4.556975347632504,0.15181486008069559,-2.2577746947835737,1.3899544151152774,0.046306095370671777,-41.08552941176471,13.032998999589946,0.4341921490934862,45.66618978912319,12.316522581980513,0.4103228588751389,-0.6879046534961154,0.32073494118325097,0.010685230115195293,1.6349810290788016,18.556849407517245,0.6182182876640749
L:B:ALA:2,0.0,3.695104907442923,0.1231017926832503,-1.2146537180910097,0.6890154598997774,0.02295443307422441,0.009613762486126541,2.0190866255060387,0.06726552815372458,-0.2435871254162042,1.1177380455961599,0.037237253233597195,-0.29348000710321864,0.2163619410803615,0.007208061335896372,-1.7421070881243066,4.416039425821311,0.14711960377187527
L:B:LYS:3,0.0,5.692443271479011,0.18964278119824843,-1.6726836847946724,1.5804877884325828,0.05265368235638974,-43.24291675915649,26.318022977929775,0.876780467568409,44.9161576026637,24.574733724819485,0.8187030820546566,-0.373521592008879,0.3764431678386443,0.012541140228781068,-0.3729644332963373,36.49108702984365,1.215694369403677
L:B:ALA:4,0.0,4.811843403415542,0.16030574609083015,-1.8105849056603773,1.029420636030114,0.03429497372731797,-0.17502552719200892,2.6256448428894226,0.08747291219206384,0.43158712541620414,0.9301287655444932,0.03098708191860839,-0.4098631485016648,0.22199909806986318,0.007395862263996352,-1.9638864559378466,5.658796492710026,0.18852184447568457
L:B:LYS:5,0.0,5.349697834273023,0.1782242751447195,-0.7851742508324084,1.7557470137684321,0.058492413695157286,-69.6510566037736,24.82158274007035,0.8269268150908332,65.0674705882353,22.363072189158835,0.7450219534620656,-0.36213758490566034,0.34137483993694534,0.011372844838193468,-5.730897851276359,33.88268612042753,1.1287959359278192
L:B:ALA:6,0.0,3.254123870423862,0.10841058429914742,-1.0856415094339622,0.832231122346383,0.02772563855528793,-2.5983396226415096,2.796254683302698,0.09315675006144966,1.16611653718091,1.0052660234099218,0.03349026690854112,-0.33712866859045504,0.19249305813746653,0.006412873552811106,-2.854993263485017,4.488717457605243,0.14954086006239928
L:B:VAL:7,0.0,5.057569549290026,0.1684920709243591,-1.244700332963374,1.715835858611511,0.05716278033671597,39.44729966703663,25.88745485397696,0.8624361636153353,-39.3139500554939,24.0491018057809,0.8011917439070302,-0.2454061984461709,0.25064352023504527,0.00835014632554142,-1.3567569198668143,35.736613453086854,1.1905592102790128

Backbone Energy Decomposition:
Residue,Internal,,,van der Waals,,,Electrostatic,,,Polar Solvation,,,Non-Polar Solv.,,,TOTAL,,
,Avg.,Std. Dev.,Std. Err. of Mean,Avg.,Std. Dev.,Std. Err. of Mean,Avg.,Std. Dev.,Std. Err. of Mean,Avg.,Std. Dev.,Std. Err. of Mean,Avg.,Std. Dev.,Std. Err. of Mean,Avg.,Std. Dev.,Std. Err. of Mean
R:A:THR:24,0.0,1.8259611007389367,0.06083158408251936,-0.06319311875693673,0.38699945412590103,0.012892821114328155,-0.7098934517203108,1.8634045983385539,0.06207900784836681,0.845093229744728,1.1824078361306742,0.03939171632643483,-0.014462234850166482,0.053188839195845945,0.0017719771480807149,0.05754442441731395,2.8908643274240644,0.09630865429372332
R:A:THR:25,0.0,1.6582243203069307,0.055243461718657724,-0.045452830188679245,0.6374804209319572,0.021237551999979072,1.2062708102108768,1.6720411413419263,0.055703766765793354,-1.119958934517203,0.8334099777568347,0.027764911923155958,0.0,0.001050857784525833,3.5009148690124716e-05,0.04085904550499441,2.5780581950754544,0.08588757109880113
R:A:THR:26,0.0,2.305733873097518,0.0768151325438878,-0.08134628190899001,0.604372131854549,0.020134554970072098,-0.8439234184239732,2.006628449277408,0.06685048612765945,0.991447280799112,0.866833640279652,0.02887841556585662,-0.01240090921198668,0.02807563324656582,0.000935334955283161,0.0537766712541621,3.234257395734578,0.1077487360675529
R:A:LEU:27,0.0,1.8229606238305491,0.06073162370369948,-0.01508213096559379,0.7089512629214815,0.0236185909674438,0.7837647058823529,1.638386426746759,0.05458256566252745,-0.7957025527192008,0.5368306508849456,0.017884421997908777,0.0,0.000514067468857223,1.7126070453100553e-05,-0.02701997780244176,2.607353989119536,0.08686355550391005
R:A:ASN:28,0.0,1.7840384510002738,0.05943493812357344,-0.0062530521642619324,0.3319875884194307,0.01106011014753639,-0.24447835738068804,1.2373604384935237,0.041222452944994846,0.25797558268590454,0.6412661221815008,0.021363671994419103,0.0,0.0023340003158149633,7.77568242843001e-05,0.0072441731409543875,2.2880772485377467,0.07622690509419759
R:A:PRO:39,0.0,1.8186416303503923,0.06058773716913218,-0.011155382907880127,0.5880728934303332,0.019591548609048052,-6.256082130965594,2.0847269932393258,0.06945232586116701,6.249176470588235,1.5144854661652047,0.050454826195092145,0.0,0.0024813467164632144,8.266564460728691e-05,-0.018061043285238623,3.2082777511117864,0.10688322861744033
R:A:HIS:41,0.0,1.5147128735795672,0.05046240223449527,-0.158180910099889,0.6520435786787154,0.021722721127963456,-1.6375893451720314,1.7610399996255066,0.05866874862040948,1.8039733629300776,1.3327797798767285,0.04440133210408649,-0.01575813895671476,0.017153086673437606,0.0005714521704913073,-0.007555031298557057,2.75633342834199,0.09182678022975979
R:A:CYS:44,0.0,1.7655476906262049,0.058818921580838936,-0.1128645948945616,0.3809386751788452,0.012690907292629441,-2.2623917869034407,1.9666252981653014,0.06551778793958904,2.391896781354051,1.5542323612483504,0.051778987257061634,-0.03245123107658158,0.04080505204589831,0.0013594133815430795,-0.01581083152053291,3.0898529528976604,0.10293792656960225
R:A:THR:45,0.0,1.8254020171505076,0.060812958307684996,-0.09119422863485016,0.6920529849474718,0.023055627705515735,0.6355016648168701,1.7825627240462176,0.059385774530629334,-0.3477880133185349,0.9770670944872225,0.03255082437873916,-0.005578545615982242,0.010173354018375535,0.0003389235620187114,0.19094087724750275,2.8183902014470257,0.09389419109053943
R:A:SER:46,0.0,2.919908029517197,0.09727624029828336,-0.04591231964483907,0.665979693766482,0.02218700043621491,0.4453740288568258,3.125313444994006,0.10411928684375782,-0.3192375138734739,1.4764671955916646,0.04918825396519614,-0.000730476359600444,0.021208964504677352,0.0007065730518833814,0.07949371897891232,4.57355235923262,0.15236712040791792
R:A:MET:49,0.0,1.774062629418427,0.05910259532114312,-0.021624861265260822,0.9006662075888404,0.030005541802096546,0.4049422863485019,2.7855130094279987,0.09279889301989969,-0.3817824639289678,1.5939435308170058,0.053101958129580906,-6.635826859045506e-05,0.023110506956162374,0.0007699226158347602,0.0014686028856827319,3.7760787374271296,0.12579942208246067
R:A:TYR:54,0.0,1.5315638229083395,0.05102378875064211,-0.00044617092119866544,0.6063158849126606,0.02019931077321726,-0.05623862375138723,1.693440377195387,0.056416678675359586,0.06070810210876804,1.3035340768846608,0.04342701647387159,0.0,0.02190631075413882,0.0007298050237975574,0.0040233074361822555,2.6982824135188457,0.08989282052609436
R:A:TYR:118,0.0,1.840902023893836,0.061329338400943734,-0.008745837957824645,0.7253698256203132,0.02416557259641931,0.8652574916759156,1.72931953708891,0.057611986796102,-0.8354916759156493,0.779746481732436,0.025977121663413247,0.0,0.010871758532086793,0.0003621907898267104,0.021019977802441765,2.7411221201839875,0.09132001808085959
R:A:PHE:140,0.0,1.830870833551626,0.06099515099766172,-0.05684350721420644,0.6888915450047692,0.022950304870533917,-2.3781476137624864,2.8893794156754895,0.0962591847109091,2.294693673695894,2.262000156178701,0.07535815118929515,-0.020965209322974476,0.06089446995478821,0.0020286889286502737,-0.1612626566037738,4.158788984870699,0.13854934900433424
R:A:LEU:141,0.0,1.7842591389050955,0.05944229030365697,-0.09645394006659268,0.5294568239689074,0.017638764206036103,-2.419168701442841,3.120034567578984,0.10394342193885744,2.5708568257491673,2.473896412688924,0.08241743900186484,-0.05034844128745838,0.06472842568075757,0.002156416512780395,0.004885742952275231,4.395779127288768,0.14644463536580105
R:A:ASN:142,0.0,2.2683205577431673,0.07556871429441744,-0.04556159822419534,0.9256784883402955,0.03083882168906236,1.0834605993340731,2.53849807468472,0.08456963240400107,-0.8335216426193118,1.4654067377993885,0.048819776691551194,-0.0012886881243063264,0.018020616626284156,0.000600353783592119,0.20308867036625972,3.8201927885181024,0.12726907420543038
R:A:GLY:143,0.0,1.6146299764344576,0.053791123553443024,-0.11359378468368478,0.5788037881389934,0.019282749939858613,-3.3163673695893445,3.0599666315201093,0.10194226884663106,3.213908990011099,2.3371249304052153,0.07786092028891677,-0.04911285416204218,0.06390141033145516,0.002128864636818599,-0.2651650184239732,4.215646558067367,0.14044354940282106
R:A:SER:144,0.0,2.0002133167056315,0.06663676707511086,-0.14569811320754716,0.8950044214974483,0.0298169203596483,1.2558490566037737,2.5334242419240365,0.0844005985269501,-1.3119755826859045,0.7372287504248798,0.024560650663025072,-0.00030344683684794676,0.005957677791140421,0.00019847902419260373,-0.20212808612652605,3.4298201615788253,0.11426387641147924
R:A:CYS:145,0.0,1.8071878872280285,0.06020615766148238,-0.058697003329633735,0.7807983259755593,0.026012163675804077,0.13997114317425077,2.047212422242814,0.06820253429716795,-0.16104772475027748,0.7111214195488184,0.023690889367061766,0.0,0.001247124188555016,4.154773062072738e-05,-0.07977358490566035,2.9278572396951152,0.09754106688584427
R:A:GLY:146,0.0,1.5768539667704784,0.05253262220462104,-0.007234184239733623,0.4207077065605998,0.014015805821629068,0.7547702552719201,0.9801679721845694,0.032654129592798446,-0.7535804661487235,0.5594286486573948,0.018637270457295466,0.0,0.002507414429318352,8.353408603560899e-05,-0.006044395116536994,1.9842276483915458,0.06610420724907182
R:A:SER:147,0.0,1.6561217358731604,0.05517341447519688,-0.004513873473917869,0.8193821644343001,0.027297577703780575,-0.031082130965593785,1.312501315966114,0.04372575852152569,0.021764705882352943,0.48594241694293394,0.016189089123291867,0.0,0.001409883860570435,4.6970041462640984e-05,-0.0138312985571587,2.3179577347730462,0.07722236842039529
R:A:HIS:163,0.0,1.5938444678593358,0.05309865786396378,-0.027035516093229746,0.7272203434068045,0.024227222282318748,-0.17730299667036623,1.847079527204156,0.061535140874988604,0.12487680355160934,0.6991586600554165,0.0232923520654252,0.0,5.594070073582365e-05,1.8636549481087994e-06,-0.07946170921198661,2.6400218238618964,0.08795187887241969
R:A:HIS:164,0.0,1.507225311802089,0.05021295538502219,-0.20780133185349609,0.6780722897418497,0.022589863218206174,-1.3897746947835734,1.8346442008878752,0.061120860089874246,1.5027991120976691,1.2273514364985714,0.04088900474273487,-0.015297203107658157,0.024086542603019272,0.0008024390777108012,-0.11007411764705867,2.757607880884054,0.09186923839983821
R:A:MET:165,0.0,1.7592537312345433,0.05860923939221461,-0.20356603773584908,0.6968661299784251,0.023215976815107012,0.5615715871254162,1.7676656446933425,0.058889480861026154,-0.9781631520532742,0.7598766397606715,0.02531516125137456,-0.00010758446170921198,0.0010336528360362308,3.443596875203233e-05,-0.6202651871254162,2.698638823832314,0.0899046942751807
R:A:GLU:166,0.0,1.9908774983237514,0.06632574587063578,-0.36022641509433967,0.436869625047506,0.014554237392254088,-0.2142430632630409,1.9999063397331005,0.06662654018938566,0.36800665926748055,1.4397502435647769,0.047965034941760444,-0.057628152719200895,0.05812428260019733,0.0019364006072194765,-0.2640909718091009,3.198489150583171,0.1065571230526144
R:A:HIS:172,0.0,1.5504060455845545,0.05165151420030579,-0.01030854605993341,0.5079108729312314,0.016920964505015186,0.8793928967813539,1.5528076241594764,0.05173152238281965,-0.9164816870144284,0.6448989705824756,0.02148469972215849,0.0,0.0007476641619367407,2.490830462595044e-05,-0.04739733629300774,2.342827163905766,0.07805088922993447
R:A:ALA:173,0.0,1.6237367487655323,0.054094514127620064,-0.013052164261931178,0.40947333519896023,0.01364153464694563,-0.7429234184239737,1.7117185153671894,0.05702561174552189,0.7297325194228635,0.5823590907983565,0.019401194244380943,0.0,0.0,0.0,-0.026243063263041412,2.464409022061266,0.08210136819375369
R:A:PHE:181,0.0,1.9995335217825976,0.06661411982265697,-0.000583795782463931,0.9533007683849092,0.03175905325938706,0.4109755826859046,1.8038514196917088,0.06009500381193318,-0.4107192008879023,0.8121185310193915,0.02705559098969077,0.0,0.021777950721848946,0.0007255287311131643,-0.00032741398446154264,2.9699844093230703,0.09894452639018116
R:A:VAL:186,0.0,2.483216272412942,0.0827279285463625,-0.007823529411764705,0.8522403064158883,0.028392241125657115,-0.44772586015538296,3.416648595788811,0.11382506793328688,0.4511276359600444,1.898051563322665,0.06323326560488865,-2.8799999999999992e-05,0.008812478964353717,0.0002935862406261418,-0.004450553607103209,4.708379935750623,0.15685887823029326
R:A:ASP:187,0.0,2.1975349117728697,0.07321050251600933,-0.032849056603773595,0.8034286637155177,0.02676608953571806,-0.6366748057713654,3.2939866919042147,0.10973860742935934,0.6655138734739178,1.910173363241412,0.06363710131129571,-0.002686934517203108,0.03869533734208747,0.0012891285943463205,-0.006696923418424037,4.469369669131363,0.14889629177401498
R:A:ARG:188,0.0,2.177960228193247,0.07255837525569658,-0.02738068812430632,0.6049973290437538,0.02015538330829238,0.21261931187569363,2.98414797112401,0.09941638304706896,-0.16483240843507216,1.7676780545655446,0.05888989429381177,-0.001186050166481687,0.046200260722409896,0.0015391538426707213,0.019220165149833532,4.140228472679817,0.1379310086916642
R:A:GLN:189,0.0,2.777919466099994,0.09254591541306302,-0.03478135405105438,0.4769447154349738,0.015889332225070222,-0.18000443951165382,2.7780844568439433,0.09255141205168765,0.25150166481687014,1.501434455866485,0.05002003400262588,-0.0023664985571587127,0.0723158337287892,0.002409189723806324,0.03434937269700339,4.233391202823986,0.1410347092304263
R:A:THR:190,0.0,3.7895385359095815,0.12624783298386907,-0.022096559378468373,0.7691505294843074,0.0256241193131137,0.24736293007769142,5.808198115085529,0.1934991341616052,-0.18467813540510541,2.471578254693213,0.08234020996178529,-0.0036577837957824633,0.10674499814280503,0.003556191491310859,0.036930451498335154,7.403205640797348,0.24663653910047523
R:A:GLN:192,0.0,2.4196071868907234,0.08060880266093641,-0.010102108768035519,0.49746453601344887,0.016572946564046318,-0.5443152053274138,2.388439601588535,0.07957045984783273,0.5743551609322974,1.2194323252701549,0.0406251808965668,-5.8047502774694804e-05,0.03322889195823398,0.001107014894407251,0.019879799334073307,3.646194315866238,0.12147234462829512
L:B:VAL:1,0.0,2.3978133789372853,0.0798827456488449,-0.5838812430632631,0.526744713329386,0.01754841070050832,-0.34718312985571587,4.945548384704275,0.1647601048437224,2.0427236403995557,2.88298752739672,0.0960462400380359,-0.07941866903440621,0.06916124722252433,0.0023040952098959374,1.032240598446171,6.229110544847041,0.20752176030191732
L:B:ALA:2,0.0,3.2165259183382897,0.1071580149083217,-0.6531220865704772,0.49379090111237095,0.016450560040980212,-0.6253906770255274,4.509617926659593,0.15023715564072745,2.2087624861265263,2.246193617794476,0.07483155904645901,-0.11648807280799113,0.05982234909988241,0.001992971404380216,0.8137616497225303,5.997956882463009,0.19982091528194068
L:B:LYS:3,0.0,2.8324021043144905,0.09436099525580523,-0.7285915649278579,0.6988706208118697,0.023282756086926096,-0.21440843507214202,4.241750449474666,0.14131319611346646,1.468871254162042,2.269121724129565,0.07559540501656838,-0.0841723871254162,0.0716694950286794,0.002387657059739382,0.4416988670366259,5.626492567862509,0.1874456447035416
L:B:ALA:4,0.0,2.319185929171759,0.07726328550828108,-0.8136936736958934,0.6199022818919147,0.02065193928205434,-1.02680577136515,3.26373923345884,0.1087309184862829,1.72938512763596,2.056695771039103,0.06851847045235322,-0.14248620199778023,0.0682329461143036,0.002273169016070794,-0.2536005194228633,4.544177508276624,0.15138850223520986
L:B:LYS:5,0.0,2.602053428372843,0.08668696822249619,-0.4348546059933407,0.6055562112602794,0.02017400237445597,-2.977503884572697,4.2765000585441735,0.14247087344026765,2.6791276359600444,2.832041091618984,0.09434896817914261,-0.03103979933407325,0.08887672434002922,0.0029609129830210816,-0.7642706539400668,5.783959624390453,0.19269163295900338
L:B:ALA:6,0.0,2.04252990997696,0.06804653719596877,-0.378992230854606,0.4138911158028254,0.01378871225776844,-2.8553684794672587,3.06715407901561,0.10218171743974967,2.4667891231964485,2.0465155971098734,0.0681793196861622,-0.027736669478357377,0.06412857307750944,0.0021364325251385773,-0.7953082566037735,4.23591867207245,0.1411189114393571
L:B:VAL:7,0.0,0.0,0.0,0.0,0.0,0.0,0.0,0.0,0.0,0.0,0.0,0.0,0.0,0.0,0.0,0.0,0.0,0.0

